   1.7189831e+02   1.6637288e+02
   1.2456000e+02   1.2604000e+02
   1.6593750e+02   8.5046875e+01
   1.8681667e+02   1.2365000e+02
   1.7102632e+02   7.3026316e+01
   1.5731915e+02   2.0437234e+02
   1.0395238e+02   1.3193651e+02
   1.0395238e+02   1.3193651e+02
   8.1819588e+01   1.9314433e+01
   1.7606818e+02   8.1954545e+01
   1.3263816e+02   1.1819737e+02
   2.2057018e+02   9.3532164e+01
   1.4471605e+02   8.9987654e+01
   1.2749640e+02   8.9194245e+01
   2.7894161e+01   1.1137226e+02
   1.8195238e+02   1.4714286e+02
   5.8096970e+01   1.1469394e+02
   1.2161765e+02   7.6610294e+01
   1.5289091e+02   1.5219091e+02
   1.4292803e+02   1.7573485e+02
   1.5456000e+02   8.4220000e+01
   1.8103000e+02   7.0090000e+01
   1.6493519e+02   6.4166667e+01
   7.7492958e+01   7.6109155e+01
   1.6609804e+02   1.3178431e+02
   4.0325000e+01   1.6706875e+02
   1.4159804e+02   4.8588235e+01
   1.4996000e+02   1.7001333e+02
   1.2299010e+02   4.6485149e+01
   2.9888889e+01   1.4814815e+02
   1.5990654e+02   1.9471028e+02
   1.3448718e+02   6.4378205e+01
   6.4112069e+01   5.9728448e+01
   1.6679412e+02   1.1464706e+02
   9.6078616e+01   8.9056604e+01
   1.3025658e+02   1.0655921e+02
   1.1445283e+02   9.7256065e+01
   2.0933136e+02   1.1498225e+02
   4.2981053e+01   7.2886316e+01
