   1.1463768e+02   9.5338164e+01
   2.2367073e+02   9.1000000e+01
   2.5827132e+02   1.1246512e+02
   1.1822034e+02   1.2666102e+02
   2.1810857e+02   1.2251429e+02
   1.7373737e+02   6.7626263e+01
   1.6678481e+02   1.4889873e+02
   2.0497590e+02   8.2879518e+01
   2.0566364e+02   7.3254545e+01
   1.6256849e+02   1.2500685e+02
   1.9652991e+02   1.2499145e+02
   1.9361749e+02   1.5110929e+02
   1.7923810e+02   8.6484127e+01
   1.4201325e+02   7.5821192e+01
   6.7455882e+01   3.2588235e+01
   1.8049000e+02   7.2980000e+01
   1.2621649e+02   8.7804124e+01
   1.7458786e+02   1.4172524e+02
   5.6658537e+01   7.3385366e+01
   2.3067376e+02   9.5780142e+01
   1.8590647e+02   1.1297842e+02
   1.6040686e+02   5.9107843e+01
   2.0166667e+02   3.0247619e+01
   1.5134555e+02   1.4931937e+02
   1.5126538e+02   1.3186154e+02
   2.1370683e+02   1.0269478e+02
   1.2116000e+02   7.8626667e+01
   1.4156757e+02   1.1533784e+02
   1.8421250e+02   1.3626250e+02
   6.4541667e+01   5.2096354e+01
   9.4209790e+01   1.5786713e+01
   2.0037931e+02   8.9086207e+01
   1.0929204e+02   1.5076991e+02
   1.6565079e+02   9.7785714e+01
   2.4282653e+02   1.0893878e+02
   7.3923729e+01   1.1701271e+02
   1.9272973e+02   7.5081081e+01
   1.9509639e+02   9.3951807e+01
   1.7217450e+02   4.1953020e+01
   2.2146310e+02   5.2750636e+01
   1.3818812e+02   5.4138614e+01
   6.5599432e+01   1.3522443e+02
   1.0356296e+02   1.1595556e+02
   1.4226496e+02   2.9525641e+01
   1.6353922e+02   7.8911765e+01
   1.6331933e+02   7.0949580e+01
   1.8693750e+02   9.0525000e+01
   7.5816832e+01   9.7099010e+01
   2.0637072e+02   1.4284424e+02
   1.8985535e+02   1.0205031e+02
   1.3876042e+02   6.2677083e+01
   1.5267347e+02   7.0258503e+01
   1.9396117e+02   8.3796117e+01
   1.5625843e+02   1.0003371e+02
   9.9363636e+01   8.7186603e+01
   8.4678855e+01   6.7922099e+01
   2.3015135e+02   1.0400541e+02
   2.1949200e+02   7.5864000e+01
   1.7873410e+02   1.2284971e+02
   1.7709091e+02   1.0624545e+02
   1.8996838e+02   5.2644269e+01
   6.5543860e+01   6.6245614e+01
   2.3601531e+02   7.3117347e+01
   1.3797696e+02   9.3281106e+01
   2.2270248e+02   1.1419008e+02
   2.0369725e+02   9.7917431e+01
   2.0265948e+02   1.1174569e+02
   2.3064794e+02   1.5122097e+02
   1.6022556e+02   2.9180451e+01
   1.0642213e+02   1.3308607e+02
   1.5853179e+02   1.6950289e+02
   1.9844898e+02   6.6107143e+01
