0.149863,0
0.349912,0
0.549962,0
0.750011,0
0.950061,0
1.15011,0
1.35016,0
1.55021,0
1.75026,0
1.95031,0
2.15036,0
2.35041,0
2.55046,0
2.75051,0
2.95056,0
3.15061,0
3.35065,0
3.5507,0
3.75075,0
3.9508,0
4.15085,0
4.3509,0
4.55095,0
4.751,0
4.95105,0
5.1511,0
5.35115,0
5.5512,0
5.75125,0
5.9513,0
6.15135,0
6.3514,0
6.55145,0
6.7515,0
6.95155,0
7.1516,0
7.35164,0
7.55169,0
7.75174,0
7.95179,0
8.15184,0
8.35189,0
8.55194,0
8.75199,0
8.95204,0
9.15209,0
9.35214,0
9.55219,0
9.75224,0
9.95229,0
10.1523,0
10.3524,0
10.5524,0
10.7525,0
10.9525,0
11.1526,0
11.3526,0
11.5527,0
11.7527,0
11.9528,0
12.1528,0
12.3529,0
12.5529,0
12.753,0
12.953,0
13.1531,0
13.3531,0
13.5532,0
13.7532,0
13.9533,0
14.1533,0
14.3534,0
14.5534,0
14.7535,0
14.9535,0
15.1536,0
15.3536,0
15.5537,0
15.7537,0
15.9538,0
16.1538,0
16.3539,0
16.5539,0
16.754,0
16.954,0
17.1541,0
17.3541,0
17.5542,0
17.7542,0
17.9543,0
18.1543,0
18.3544,0
18.5544,0
18.7545,0
18.9545,0
19.1546,0
19.3546,0
19.5547,0
19.7547,0
19.9548,0
20.1548,0
20.3549,0
20.5549,0
20.755,0
20.955,0
21.1551,0
21.3551,0
21.5552,0
21.7552,0
21.9553,0
22.1553,0
22.3554,0
22.5554,0
22.7555,0
22.9555,0
23.1556,0
23.3556,0
23.5557,0
23.7557,0
23.9558,0
24.1558,0
24.3559,0
24.5559,0
24.756,0
24.956,0
25.156,0
25.3561,0
25.5561,0
25.7562,0
25.9562,0
26.1563,0
26.3563,0
26.5564,0
26.7564,0
26.9565,0
27.1565,0
27.3566,0
27.5566,0
27.7567,0
27.9567,0
28.1568,0
28.3568,0
28.5569,0
28.7569,0
28.957,0
29.157,0
29.3571,0
29.5571,0
29.7572,0
29.9572,0
30.1573,0
30.3573,0
30.5574,0
30.7574,0
30.9575,0
31.1575,0
31.3576,0
31.5576,0
31.7577,0
31.9577,0
32.1578,0
32.3578,0
32.5579,0
32.7579,0
32.958,0
33.158,0
33.3581,0
33.5581,0
33.7582,0
33.9582,0
34.1583,0
34.3583,0
34.5584,0
34.7584,0
34.9585,0
35.1585,0
35.3586,0
35.5586,0
35.7587,0
35.9587,0
36.1588,0
36.3588,0
36.5589,0
36.7589,0
36.959,0
37.159,0
37.3591,0
37.5591,0
37.7592,0
37.9592,0
38.1593,0
38.3593,0
38.5594,0
38.7594,0
38.9595,0
39.1595,0
39.3596,0
39.5596,0
39.7597,0
39.9597,0
40.1598,0
40.3598,0
40.5599,0
40.7599,0
40.96,0
41.16,0
41.3601,0
41.5601,0
41.7602,0
41.9602,0
42.1603,0
42.3603,0
42.5604,0
42.7604,0
42.9605,0
43.1605,0
43.3606,0
43.5606,0
43.7607,0
43.9607,0
44.1608,0
44.3608,0
44.5609,0
44.7609,0
44.9609,0
45.161,0
45.361,0
45.5611,0
45.7611,0
45.9612,0
46.1612,0
46.3613,0
46.5613,0
46.7614,0
46.9614,0
47.1615,0
47.3615,0
47.5616,0
47.7616,0
47.9617,0
48.1617,0
48.3618,0
48.5618,0
48.7619,0
48.9619,0
49.162,0
49.362,0
49.5621,0
49.7621,0
49.9622,0
50.1622,0
50.3623,0
50.5623,0
50.7624,0
50.9624,0
51.1625,0
51.3625,0
51.5626,0
51.7626,0
51.9627,0
52.1627,0
52.3628,0
52.5628,0
52.7629,0
52.9629,0
53.163,0
53.363,0
53.5631,0
53.7631,0
53.9632,0
54.1632,0
54.3633,0
54.5633,0
54.7634,0
54.9634,0
55.1635,0
55.3635,0
55.5636,0
55.7636,0
55.9637,4.09786
56.1637,0
56.3638,0
56.5638,0
56.7639,0
56.9639,0
57.164,0
57.364,0
57.5641,0
57.7641,0
57.9642,0
58.1642,0
58.3643,0
58.5643,0
58.7644,0
58.9644,0
59.1645,0
59.3645,0
59.5646,0
59.7646,0
59.9647,0
60.1647,0
60.3648,0
60.5648,0
60.7649,0
60.9649,0
61.165,0
61.365,0
61.5651,0
61.7651,0
61.9652,0
62.1652,0
62.3653,0
62.5653,0
62.7654,0
62.9654,0
63.1655,0
63.3655,0
63.5656,0
63.7656,0
63.9657,0
64.1657,0
64.3658,0
64.5658,0
64.7658,0
64.9659,0
65.1659,0
65.366,0
65.566,0
65.7661,0
65.9661,0
66.1662,0
66.3662,0
66.5663,0
66.7663,0
66.9664,0
67.1664,0
67.3665,0
67.5665,0
67.7666,0
67.9666,0
68.1667,0
68.3667,0
68.5668,0
68.7668,0
68.9669,0
69.1669,0
69.367,0
69.567,0
69.7671,0
69.9671,0
70.1672,0
70.3672,0
70.5673,0
70.7673,0
70.9674,0
71.1674,0
71.3675,0
71.5675,0
71.7676,0
71.9676,0
72.1677,0
72.3677,0
72.5678,0
72.7678,0
72.9679,0
73.1679,0
73.368,0
73.568,0
73.7681,0
73.9681,0
74.1682,0
74.3682,0
74.5683,0
74.7683,0
74.9684,0
75.1684,0
75.3685,0
75.5685,0
75.7686,0
75.9686,0
76.1687,0
76.3687,0
76.5688,0
76.7688,0
76.9689,0
77.1689,0
77.369,0
77.569,0
77.7691,0
77.9691,0
78.1692,0
78.3692,0
78.5693,0
78.7693,0
78.9694,0
79.1694,0
79.3695,0
79.5695,0
79.7696,0
79.9696,0
80.1697,0
80.3697,0
80.5698,0
80.7698,0
80.9699,0
81.1699,0
81.37,0
81.57,0
81.7701,0
81.9701,0
82.1702,0
82.3702,4.0875
82.5703,0
82.7703,0
82.9704,0
83.1704,0
83.3705,0
83.5705,0
83.7706,0
83.9706,0
84.1707,0
84.3707,0
84.5707,0
84.7708,0
84.9708,0
85.1709,0
85.3709,0
85.571,0
85.771,0
85.9711,0
86.1711,0
86.3712,0
86.5712,0
86.7713,0
86.9713,0
87.1714,0
87.3714,0
87.5715,0
87.7715,0
87.9716,0
88.1716,0
88.3717,0
88.5717,0
88.7718,0
88.9718,0
89.1719,0
89.3719,0
89.572,0
89.772,0
89.9721,0
90.1721,0
90.3722,0
90.5722,0
90.7723,0
90.9723,0
91.1724,0
91.3724,0
91.5725,0
91.7725,0
91.9726,0
92.1726,0
92.3727,0
92.5727,0
92.7728,0
92.9728,0
93.1729,0
93.3729,0
93.573,0
93.773,0
93.9731,0
94.1731,0
94.3732,0
94.5732,0
94.7733,0
94.9733,0
95.1734,0
95.3734,0
95.5735,0
95.7735,0
95.9736,0
96.1736,0
96.3737,0
96.5737,0
96.7738,0
96.9738,0
97.1739,0
97.3739,0
97.574,0
97.774,0
97.9741,0
98.1741,0
98.3742,0
98.5742,0
98.7743,0
98.9743,0
99.1744,0
99.3744,0
99.5745,0
99.7745,0
99.9746,0
100.175,0
100.375,0
100.575,0
100.775,0
100.975,0
101.175,0
101.375,0
101.575,0
101.775,0
101.975,0
102.175,0
102.375,0
102.575,0
102.775,0
102.975,0
103.175,0
103.375,0
103.575,0
103.776,0
103.976,0
104.176,0
104.376,0
104.576,0
104.776,0
104.976,0
105.176,0
105.376,0
105.576,0
105.776,0
105.976,0
106.176,0
106.376,0
106.576,0
106.776,0
106.976,0
107.176,0
107.376,0
107.576,0
107.776,0
107.977,0
108.177,0
108.377,0
108.577,0
108.777,0
108.977,0
109.177,0
109.377,0
109.577,0
109.777,0
109.977,0
110.177,0
110.377,0
110.577,0
110.777,0
110.977,0
111.177,0
111.377,0
111.577,0
111.777,0
111.978,0
112.178,0
112.378,0
112.578,0
112.778,0
112.978,0
113.178,0
113.378,0
113.578,0
113.778,0
113.978,0
114.178,0
114.378,0
114.578,0
114.778,0
114.978,0
115.178,0
115.378,0
115.578,0
115.778,0
115.979,0
116.179,0
116.379,0
116.579,0
116.779,0
116.979,0
117.179,0
117.379,0
117.579,0
117.779,0
117.979,0
118.179,0
118.379,0
118.579,0
118.779,0
118.979,0
119.179,0
119.379,0
119.579,0
119.779,0
119.98,0
120.18,0
120.38,0
120.58,0
120.78,0
120.98,0
121.18,0
121.38,0
121.58,0
121.78,0
121.98,0
122.18,0
122.38,0
122.58,0
122.78,0
122.98,0
123.18,0
123.38,0
123.58,0
123.78,0
123.98,0
124.181,0
124.381,0
124.581,0
124.781,0
124.981,0
125.181,0
125.381,0
125.581,0
125.781,0
125.981,0
126.181,0
126.381,0
126.581,0
126.781,0
126.981,0
127.181,0
127.381,0
127.581,0
127.781,0
127.981,0
128.182,0
128.382,0
128.582,0
128.782,0
128.982,0
129.182,0
129.382,0
129.582,0
129.782,0
129.982,0
130.182,0
130.382,0
130.582,0
130.782,0
130.982,0
131.182,0
131.382,0
131.582,0
131.782,0
131.982,0
132.183,0
132.383,0
132.583,0
132.783,0
132.983,0
133.183,0
133.383,0
133.583,0
133.783,0
133.983,0
134.183,0
134.383,0
134.583,0
134.783,0
134.983,0
135.183,0
135.383,0
135.583,0
135.783,0
135.983,0
136.184,0
136.384,0
136.584,0
136.784,0
136.984,0
137.184,0
137.384,0
137.584,0
137.784,0
137.984,0
138.184,0
138.384,0
138.584,0
138.784,0
138.984,0
139.184,0
139.384,0
139.584,0
139.784,0
139.984,0
140.185,0
140.385,0
140.585,0
140.785,0
140.985,0
141.185,0
141.385,0
141.585,0
141.785,0
141.985,0
142.185,0
142.385,0
142.585,0
142.785,0
142.985,0
143.185,0
143.385,0
143.585,0
143.785,0
143.985,0
144.185,0
144.386,0
144.586,0
144.786,0
144.986,0
145.186,0
145.386,0
145.586,0
145.786,0
145.986,0
146.186,0
146.386,0
146.586,0
146.786,0
146.986,0
147.186,0
147.386,0
147.586,0
147.786,0
147.986,0
148.186,0
148.387,0
148.587,0
148.787,0
148.987,0
149.187,0
149.387,0
149.587,0
149.787,0
149.987,0
150.187,0
150.387,0
150.587,0
150.787,0
150.987,0
151.187,0
151.387,0
151.587,0
151.787,0
151.987,0
152.187,0
152.388,0
152.588,0
152.788,0
152.988,0
153.188,0
153.388,0
153.588,0
153.788,0
153.988,0
154.188,0
154.388,0
154.588,0
154.788,0
154.988,0
155.188,0
155.388,0
155.588,0
155.788,0
155.988,0
156.188,0
156.389,0
156.589,0
156.789,0
156.989,0
157.189,0
157.389,0
157.589,0
157.789,0
157.989,0
158.189,0
158.389,0
158.589,0
158.789,0
158.989,0
159.189,0
159.389,0
159.589,0
159.789,0
159.989,0
160.189,0
160.39,0
160.59,0
160.79,0
160.99,0
161.19,0
161.39,0
161.59,0
161.79,0
161.99,0
162.19,0
162.39,0
162.59,0
162.79,0
162.99,0
163.19,0
163.39,0
163.59,0
163.79,0
163.99,0
164.19,0
164.39,0
164.591,0
164.791,0
164.991,0
165.191,0
165.391,0
165.591,0
165.791,0
165.991,0
166.191,0
166.391,0
166.591,0
166.791,0
166.991,0
167.191,0
167.391,0
167.591,0
167.791,0
167.991,0
168.191,0
168.391,0
168.592,0
168.792,0
168.992,0
169.192,0
169.392,0
169.592,0
169.792,0
169.992,0
170.192,0
170.392,0
170.592,0
170.792,0
170.992,0
171.192,0
171.392,0
171.592,0
171.792,0
171.992,0
172.192,0
172.392,0
172.593,0
172.793,0
172.993,0
173.193,0
173.393,0
173.593,0
173.793,0
173.993,0
174.193,0
174.393,0
174.593,0
174.793,0
174.993,0
175.193,0
175.393,0
175.593,0
175.793,0
175.993,0
176.193,0
176.393,0
176.594,0
176.794,0
176.994,0
177.194,0
177.394,0
177.594,0
177.794,0
177.994,0
178.194,0
178.394,0
178.594,0
178.794,0
178.994,0
179.194,0
179.394,0
179.594,0
179.794,0
179.994,0
180.194,0
180.394,0
180.595,0
180.795,0
180.995,0
181.195,0
181.395,0
181.595,0
181.795,0
181.995,0
182.195,0
182.395,0
182.595,0
182.795,0
182.995,0
183.195,0
183.395,0
183.595,0
183.795,0
183.995,0
184.195,0
184.395,0
184.595,0
184.796,0
184.996,0
185.196,0
185.396,0
185.596,0
185.796,0
185.996,0
186.196,0
186.396,0
186.596,0
186.796,0
186.996,0
187.196,0
187.396,0
187.596,0
187.796,0
187.996,0
188.196,0
188.396,0
188.596,0
188.797,0
188.997,0
189.197,0
189.397,0
189.597,0
189.797,0
189.997,0
190.197,0
190.397,0
190.597,0
190.797,0
190.997,0
191.197,0
191.397,0
191.597,0
191.797,0
191.997,0
192.197,0
192.397,0
192.597,0
192.798,0
192.998,0
193.198,0
193.398,0
193.598,0
193.798,0
193.998,0
194.198,0
194.398,0
194.598,0
194.798,0
194.998,0
195.198,0
195.398,0
195.598,0
195.798,0
195.998,0
196.198,0
196.398,0
196.598,0
196.799,0
196.999,0
197.199,0
197.399,0
197.599,0
197.799,0
197.999,0
198.199,0
198.399,0
198.599,0
198.799,0
198.999,0
199.199,0
199.399,0
199.599,0
199.799,0
199.999,0
200.199,0
200.399,0
200.599,0
200.8,0
201,0
201.2,0
201.4,0
201.6,0
201.8,0
202,0
202.2,0
202.4,0
202.6,0
202.8,0
203,0
203.2,0
203.4,0
203.6,0
203.8,0
204,0
204.2,0
204.4,0
204.6,0
204.8,0
205.001,0
205.201,0
205.401,0
205.601,0
205.801,0
206.001,0
206.201,0
206.401,0
206.601,0
206.801,0
207.001,0
207.201,0
207.401,0
207.601,0
207.801,0
208.001,0
208.201,0
208.401,0
208.601,0
208.801,0
209.002,0
209.202,0
209.402,0
209.602,0
209.802,0
210.002,0
210.202,0
210.402,0
210.602,0
210.802,0
211.002,0
211.202,0
211.402,0
211.602,0
211.802,0
212.002,0
212.202,0
212.402,0
212.602,0
212.802,0
213.003,0
213.203,0
213.403,0
213.603,0
213.803,0
214.003,0
214.203,0
214.403,0
214.603,0
214.803,0
215.003,0
215.203,0
215.403,0
215.603,0
215.803,0
216.003,0
216.203,0
216.403,0
216.603,0
216.803,0
217.004,0
217.204,0
217.404,0
217.604,0
217.804,0
218.004,0
218.204,0
218.404,0
218.604,0
218.804,0
219.004,0
219.204,0
219.404,0
219.604,0
219.804,0
220.004,0
220.204,0
220.404,0
220.604,0
220.804,0
221.005,0
221.205,0
221.405,0
221.605,0
221.805,0
222.005,0
222.205,0
222.405,0
222.605,0
222.805,0
223.005,0
223.205,0
223.405,0
223.605,0
223.805,0
224.005,0
224.205,0
224.405,0
224.605,0
224.805,0
225.005,0
225.206,0
225.406,0
225.606,0
225.806,0
226.006,0
226.206,0
226.406,0
226.606,0
226.806,0
227.006,0
227.206,0
227.406,0
227.606,0
227.806,0
228.006,0
228.206,0
228.406,0
228.606,0
228.806,0
229.006,0
229.207,0
229.407,0
229.607,0
229.807,0
230.007,0
230.207,0
230.407,0
230.607,0
230.807,0
231.007,0
231.207,0
231.407,0
231.607,0
231.807,0
232.007,0
232.207,0
232.407,0
232.607,0
232.807,0
233.007,0
233.208,0
233.408,0
233.608,0
233.808,0
234.008,0
234.208,0
234.408,0
234.608,0
234.808,0
235.008,0
235.208,0
235.408,0
235.608,0
235.808,0
236.008,0
236.208,0
236.408,0
236.608,0
236.808,0
237.008,0
237.209,0
237.409,0
237.609,0
237.809,0
238.009,0
238.209,0
238.409,0
238.609,0
238.809,0
239.009,0
239.209,0
239.409,0
239.609,0
239.809,0
240.009,0
240.209,0
240.409,0
240.609,0
240.809,0
241.009,0
241.21,0
241.41,0
241.61,0
241.81,0
242.01,0
242.21,0
242.41,0
242.61,0
242.81,0
243.01,0
243.21,0
243.41,0
243.61,0
243.81,0
244.01,0
244.21,0
244.41,0
244.61,0
244.81,0
245.01,0
245.21,0
245.411,0
245.611,0
245.811,0
246.011,0
246.211,0
246.411,0
246.611,0
246.811,0
247.011,0
247.211,0
247.411,0
247.611,0
247.811,0
248.011,0
248.211,0
248.411,0
248.611,0
248.811,0
249.011,0
249.211,0
249.412,0
249.612,0
249.812,0
250.012,0
250.212,0
250.412,0
250.612,0
250.812,0
251.012,0
251.212,0
251.412,0
251.612,0
251.812,0
252.012,6.51817
252.212,0
252.412,0
252.612,0
252.812,0
253.012,0
253.212,0
253.413,0
253.613,0
253.813,0
254.013,0
254.213,0
254.413,0
254.613,0
254.813,0
255.013,0
255.213,0
255.413,0
255.613,0
255.813,0
256.013,0
256.213,0
256.413,0
256.613,0
256.813,0
257.013,0
257.213,0
257.414,0
257.614,0
257.814,0
258.014,0
258.214,0
258.414,0
258.614,0
258.814,0
259.014,0
259.214,0
259.414,0
259.614,0
259.814,0
260.014,0
260.214,0
260.414,0
260.614,0
260.814,0
261.014,0
261.214,0
261.415,0
261.615,0
261.815,0
262.015,0
262.215,0
262.415,0
262.615,0
262.815,0
263.015,0
263.215,0
263.415,0
263.615,0
263.815,0
264.015,0
264.215,0
264.415,0
264.615,0
264.815,0
265.015,0
265.215,0
265.415,0
265.616,0
265.816,0
266.016,0
266.216,0
266.416,0
266.616,0
266.816,0
267.016,0
267.216,0
267.416,0
267.616,0
267.816,0
268.016,0
268.216,0
268.416,0
268.616,0
268.816,0
269.016,0
269.216,0
269.416,0
269.617,0
269.817,0
270.017,0
270.217,0
270.417,0
270.617,0
270.817,0
271.017,0
271.217,0
271.417,0
271.617,0
271.817,0
272.017,0
272.217,0
272.417,0
272.617,0
272.817,0
273.017,0
273.217,0
273.417,0
273.618,0
273.818,0
274.018,0
274.218,0
274.418,0
274.618,0
274.818,0
275.018,0
275.218,0
275.418,0
275.618,0
275.818,0
276.018,0
276.218,0
276.418,0
276.618,0
276.818,0
277.018,0
277.218,0
277.418,0
277.619,0
277.819,0
278.019,0
278.219,0
278.419,0
278.619,0
278.819,0
279.019,0
279.219,0
279.419,0
279.619,0
279.819,0
280.019,0
280.219,0
280.419,0
280.619,0
280.819,0
281.019,0
281.219,0
281.419,0
281.62,0
281.82,0
282.02,0
282.22,0
282.42,0
282.62,0
282.82,0
283.02,0
283.22,0
283.42,0
283.62,0
283.82,0
284.02,0
284.22,0
284.42,0
284.62,0
284.82,0
285.02,0
285.22,0
285.42,0
285.62,0
285.821,0
286.021,0
286.221,0
286.421,0
286.621,0
286.821,0
287.021,0
287.221,0
287.421,0
287.621,0
287.821,0
288.021,0
288.221,0
288.421,0
288.621,0
288.821,0
289.021,0
289.221,0
289.421,0
289.621,0
289.822,0
290.022,0
290.222,0
290.422,0
290.622,0
290.822,0
291.022,0
291.222,0
291.422,0
291.622,0
291.822,0
292.022,0
292.222,0
292.422,0
292.622,0
292.822,0
293.022,0
293.222,0
293.422,0
293.622,0
293.823,0
294.023,0
294.223,0
294.423,0
294.623,0
294.823,0
295.023,0
295.223,0
295.423,0
295.623,0
295.823,0
296.023,0
296.223,0
296.423,0
296.623,0
296.823,0
297.023,0
297.223,0
297.423,0
297.623,0
297.824,0
298.024,0
298.224,0
298.424,0
298.624,0
298.824,0
299.024,0
299.224,0
299.424,0
299.624,0
299.824,0
300.024,0
300.224,0
300.424,0
300.624,0
300.824,0
301.024,0
301.224,0
301.424,0
301.624,0
301.824,0
302.025,0
302.225,0
302.425,0
302.625,0
302.825,0
303.025,0
303.225,0
303.425,0
303.625,10.1749
303.825,0
304.025,0
304.225,0
304.425,0
304.625,0
304.825,0
305.025,0
305.225,0
305.425,0
305.625,0
305.825,0
306.026,0
306.226,0
306.426,0
306.626,0
306.826,0
307.026,0
307.226,0
307.426,0
307.626,0
307.826,0
308.026,0
308.226,0
308.426,0
308.626,8.82075
308.826,0
309.026,0
309.226,0
309.426,0
309.626,0
309.826,0
310.027,0
310.227,0
310.427,0
310.627,0
310.827,0
311.027,0
311.227,0
311.427,0
311.627,0
311.827,0
312.027,0
312.227,0
312.427,0
312.627,0
312.827,0
313.027,0
313.227,0
313.427,0
313.627,0
313.827,0
314.028,0
314.228,0
314.428,0
314.628,0
314.828,0
315.028,0
315.228,0
315.428,0
315.628,0
315.828,0
316.028,0
316.228,0
316.428,0
316.628,0
316.828,0
317.028,0
317.228,0
317.428,0
317.628,0
317.828,0
318.029,0
318.229,0
318.429,0
318.629,0
318.829,0
319.029,0
319.229,0
319.429,0
319.629,0
319.829,0
320.029,0
320.229,0
320.429,0
320.629,0
320.829,0
321.029,0
321.229,0
321.429,0
321.629,0
321.829,0
322.029,0
322.23,0
322.43,0
322.63,0
322.83,0
323.03,0
323.23,0
323.43,0
323.63,0
323.83,0
324.03,0
324.23,0
324.43,0
324.63,0
324.83,0
325.03,0
325.23,0
325.43,0
325.63,0
325.83,0
326.03,0
326.231,0
326.431,0
326.631,0
326.831,0
327.031,0
327.231,0
327.431,0
327.631,0
327.831,0
328.031,0
328.231,0
328.431,0
328.631,0
328.831,0
329.031,0
329.231,0
329.431,0
329.631,0
329.831,0
330.031,0
330.232,0
330.432,0
330.632,0
330.832,0
331.032,0
331.232,0
331.432,0
331.632,0
331.832,0
332.032,0
332.232,0
332.432,0
332.632,0
332.832,0
333.032,0
333.232,0
333.432,0
333.632,0
333.832,0
334.032,0
334.233,0
334.433,0
334.633,0
334.833,0
335.033,0
335.233,0
335.433,0
335.633,0
335.833,0
336.033,0
336.233,0
336.433,0
336.633,0
336.833,0
337.033,0
337.233,0
337.433,0
337.633,0
337.833,0
338.033,0
338.234,0
338.434,0
338.634,0
338.834,0
339.034,0
339.234,0
339.434,0
339.634,0
339.834,0
340.034,0
340.234,0
340.434,0
340.634,0
340.834,0
341.034,0
341.234,0
341.434,0
341.634,0
341.834,0
342.034,0
342.234,0
342.435,0
342.635,0
342.835,0
343.035,0
343.235,0
343.435,0
343.635,0
343.835,0
344.035,0
344.235,0
344.435,0
344.635,0
344.835,0
345.035,0
345.235,0
345.435,0
345.635,0
345.835,0
346.035,0
346.235,0
346.436,0
346.636,0
346.836,0
347.036,0
347.236,0
347.436,0
347.636,0
347.836,0
348.036,0
348.236,0
348.436,0
348.636,0
348.836,0
349.036,0
349.236,0
349.436,0
349.636,0
349.836,0
350.036,0
350.236,0
350.437,0
350.637,0
350.837,0
351.037,0
351.237,0
351.437,0
351.637,0
351.837,0
352.037,0
352.237,0
352.437,0
352.637,0
352.837,0
353.037,0
353.237,0
353.437,0
353.637,0
353.837,0
354.037,0
354.237,0
354.438,0
354.638,0
354.838,0
355.038,0
355.238,0
355.438,0
355.638,0
355.838,0
356.038,0
356.238,0
356.438,0
356.638,0
356.838,0
357.038,0
357.238,0
357.438,0
357.638,0
357.838,0
358.038,0
358.238,0
358.439,0
358.639,0
358.839,0
359.039,0
359.239,0
359.439,0
359.639,0
359.839,0
360.039,0
360.239,0
360.439,0
360.639,0
360.839,0
361.039,0
361.239,0
361.439,0
361.639,0
361.839,0
362.039,0
362.239,0
362.439,0
362.64,0
362.84,0
363.04,0
363.24,0
363.44,0
363.64,0
363.84,0
364.04,0
364.24,0
364.44,0
364.64,0
364.84,0
365.04,0
365.24,0
365.44,0
365.64,0
365.84,0
366.04,0
366.24,0
366.44,0
366.641,0
366.841,0
367.041,0
367.241,0
367.441,0
367.641,0
367.841,0
368.041,0
368.241,0
368.441,0
368.641,0
368.841,0
369.041,0
369.241,0
369.441,0
369.641,0
369.841,0
370.041,0
370.241,0
370.441,0
370.642,0
370.842,0
371.042,0
371.242,0
371.442,0
371.642,0
371.842,0
372.042,0
372.242,0
372.442,0
372.642,0
372.842,0
373.042,0
373.242,0
373.442,0
373.642,0
373.842,0
374.042,0
374.242,0
374.442,0
374.643,0
374.843,0
375.043,0
375.243,0
375.443,0
375.643,0
375.843,0
376.043,0
376.243,0
376.443,0
376.643,0
376.843,0
377.043,0
377.243,0
377.443,0
377.643,0
377.843,0
378.043,0
378.243,0
378.443,0
378.644,0
378.844,0
379.044,0
379.244,0
379.444,0
379.644,0
379.844,0
380.044,0
380.244,0
380.444,0
380.644,0
380.844,0
381.044,0
381.244,0
381.444,0
381.644,0
381.844,0
382.044,0
382.244,0
382.444,0
382.644,0
382.845,0
383.045,0
383.245,0
383.445,0
383.645,0
383.845,0
384.045,0
384.245,0
384.445,0
384.645,0
384.845,0
385.045,0
385.245,0
385.445,0
385.645,0
385.845,0
386.045,0
386.245,0
386.445,0
386.645,0
386.846,0
387.046,0
387.246,0
387.446,0
387.646,0
387.846,0
388.046,0
388.246,0
388.446,0
388.646,0
388.846,0
389.046,0
389.246,0
389.446,0
389.646,0
389.846,0
390.046,0
390.246,0
390.446,0
390.646,0
390.847,0
391.047,0
391.247,0
391.447,0
391.647,0
391.847,0
392.047,0
392.247,0
392.447,0
392.647,0
392.847,0
393.047,0
393.247,0
393.447,0
393.647,0
393.847,0
394.047,0
394.247,0
394.447,0
394.647,0
394.848,0
395.048,0
395.248,0
395.448,0
395.648,0
395.848,0
396.048,0
396.248,0
396.448,0
396.648,0
396.848,0
397.048,0
397.248,0
397.448,0
397.648,0
397.848,0
398.048,0
398.248,0
398.448,0
398.648,0
398.849,0
399.049,0
399.249,0
399.449,0
399.649,0
399.849,0
400.049,0
400.249,0
400.449,0
400.649,0
400.849,0
401.049,0
401.249,0
401.449,0
401.649,0
401.849,0
402.049,0
402.249,0
402.449,0
402.649,0
402.849,0
403.05,0
403.25,0
403.45,0
403.65,0
403.85,0
404.05,0
404.25,0
404.45,0
404.65,0
404.85,0
405.05,0
405.25,0
405.45,0
405.65,0
405.85,0
406.05,0
406.25,0
406.45,0
406.65,0
406.85,0
407.051,0
407.251,0
407.451,0
407.651,0
407.851,0
408.051,0
408.251,0
408.451,0
408.651,0
408.851,0
409.051,0
409.251,0
409.451,0
409.651,0
409.851,0
410.051,0
410.251,0
410.451,0
410.651,0
410.851,0
411.052,0
411.252,0
411.452,0
411.652,0
411.852,0
412.052,0
412.252,0
412.452,0
412.652,0
412.852,0
413.052,0
413.252,0
413.452,0
413.652,0
413.852,0
414.052,0
414.252,0
414.452,0
414.652,0
414.852,0
415.053,0
415.253,0
415.453,0
415.653,0
415.853,0
416.053,0
416.253,0
416.453,0
416.653,0
416.853,0
417.053,0
417.253,0
417.453,0
417.653,0
417.853,0
418.053,0
418.253,0
418.453,0
418.653,0
418.853,0
419.054,0
419.254,0
419.454,0
419.654,0
419.854,0
420.054,0
420.254,0
420.454,0
420.654,0
420.854,0
421.054,0
421.254,0
421.454,0
421.654,0
421.854,0
422.054,0
422.254,0
422.454,0
422.654,0
422.854,0
423.054,0
423.255,0
423.455,0
423.655,0
423.855,0
424.055,0
424.255,0
424.455,0
424.655,0
424.855,0
425.055,0
425.255,0
425.455,0
425.655,0
425.855,0
426.055,0
426.255,0
426.455,0
426.655,0
426.855,0
427.055,0
427.256,0
427.456,0
427.656,0
427.856,0
428.056,0
428.256,0
428.456,0
428.656,0
428.856,0
429.056,0
429.256,0
429.456,0
429.656,0
429.856,0
430.056,0
430.256,0
430.456,0
430.656,0
430.856,0
431.056,0
431.257,0
431.457,0
431.657,0
431.857,0
432.057,0
432.257,0
432.457,0
432.657,0
432.857,0
433.057,0
433.257,0
433.457,0
433.657,0
433.857,0
434.057,0
434.257,0
434.457,0
434.657,0
434.857,0
435.057,0
435.258,0
435.458,0
435.658,0
435.858,0
436.058,0
436.258,0
436.458,0
436.658,0
436.858,0
437.058,0
437.258,0
437.458,0
437.658,0
437.858,0
438.058,0
438.258,0
438.458,0
438.658,0
438.858,0
439.058,0
439.259,0
439.459,0
439.659,0
439.859,0
440.059,0
440.259,5.78839
440.459,0
440.659,0
440.859,0
441.059,0
441.259,0
441.459,0
441.659,0
441.859,0
442.059,0
442.259,0
442.459,0
442.659,0
442.859,0
443.059,0
443.259,0
443.46,0
443.66,0
443.86,0
444.06,0
444.26,0
444.46,0
444.66,0
444.86,0
445.06,0
445.26,0
445.46,0
445.66,0
445.86,0
446.06,0
446.26,0
446.46,0
446.66,0
446.86,0
447.06,0
447.26,0
447.461,0
447.661,0
447.861,0
448.061,0
448.261,0
448.461,0
448.661,0
448.861,0
449.061,0
449.261,0
449.461,0
449.661,0
449.861,0
450.061,0
450.261,0
450.461,0
450.661,0
450.861,0
451.061,0
451.261,0
451.462,0
451.662,0
451.862,0
452.062,0
452.262,0
452.462,0
452.662,0
452.862,0
453.062,0
453.262,0
453.462,0
453.662,0
453.862,0
454.062,0
454.262,0
454.462,0
454.662,0
454.862,0
455.062,0
455.262,0
455.463,0
455.663,0
455.863,0
456.063,0
456.263,0
456.463,0
456.663,0
456.863,0
457.063,0
457.263,0
457.463,0
457.663,0
457.863,0
458.063,0
458.263,0
458.463,0
458.663,0
458.863,0
459.063,0
459.263,0
459.464,0
459.664,0
459.864,0
460.064,0
460.264,0
460.464,0
460.664,0
460.864,0
461.064,0
461.264,0
461.464,0
461.664,0
461.864,0
462.064,0
462.264,0
462.464,0
462.664,0
462.864,0
463.064,0
463.264,0
463.464,0
463.665,0
463.865,0
464.065,0
464.265,0
464.465,0
464.665,0
464.865,0
465.065,0
465.265,0
465.465,0
465.665,0
465.865,0
466.065,0
466.265,0
466.465,0
466.665,0
466.865,0
467.065,0
467.265,0
467.465,0
467.666,0
467.866,0
468.066,0
468.266,0
468.466,0
468.666,0
468.866,0
469.066,0
469.266,0
469.466,0
469.666,0
469.866,0
470.066,0
470.266,0
470.466,0
470.666,0
470.866,0
471.066,0
471.266,0
471.466,0
471.667,0
471.867,0
472.067,0
472.267,0
472.467,0
472.667,0
472.867,0
473.067,0
473.267,0
473.467,0
473.667,0
473.867,0
474.067,0
474.267,0
474.467,0
474.667,0
474.867,0
475.067,0
475.267,0
475.467,0
475.668,0
475.868,0
476.068,0
476.268,0
476.468,0
476.668,0
476.868,0
477.068,0
477.268,0
477.468,6.75695
477.668,0
477.868,0
478.068,0
478.268,0
478.468,0
478.668,0
478.868,0
479.068,0
479.268,0
479.468,0
479.668,0
479.869,0
480.069,0
480.269,0
480.469,0
480.669,0
480.869,0
481.069,0
481.269,0
481.469,0
481.669,0
481.869,0
482.069,0
482.269,0
482.469,0
482.669,0
482.869,0
483.069,0
483.269,0
483.469,0
483.669,0
483.87,0
484.07,0
484.27,0
484.47,0
484.67,0
484.87,0
485.07,0
485.27,0
485.47,0
485.67,0
485.87,0
486.07,0
486.27,0
486.47,0
486.67,0
486.87,0
487.07,0
487.27,0
487.47,0
487.67,0
487.871,0
488.071,0
488.271,0
488.471,0
488.671,0
488.871,0
489.071,0
489.271,0
489.471,0
489.671,0
489.871,0
490.071,0
490.271,0
490.471,0
490.671,0
490.871,0
491.071,0
491.271,0
491.471,0
491.671,0
491.872,0
492.072,0
492.272,0
492.472,0
492.672,0
492.872,0
493.072,0
493.272,0
493.472,0
493.672,0
493.872,0
494.072,0
494.272,0
494.472,0
494.672,0
494.872,0
495.072,0
495.272,0
495.472,0
495.672,0
495.873,0
496.073,0
496.273,0
496.473,0
496.673,0
496.873,0
497.073,0
497.273,0
497.473,0
497.673,0
497.873,0
498.073,0
498.273,0
498.473,0
498.673,0
498.873,0
499.073,0
499.273,0
499.473,0
499.673,0
499.873,0
500.074,0
500.274,0
500.474,0
500.674,0
500.874,0
501.074,0
501.274,0
501.474,0
501.674,0
501.874,0
502.074,0
502.274,0
502.474,0
502.674,0
502.874,0
503.074,0
503.274,0
503.474,0
503.674,0
503.874,0
504.075,0
504.275,0
504.475,0
504.675,0
504.875,0
505.075,0
505.275,0
505.475,0
505.675,0
505.875,0
506.075,0
506.275,0
506.475,0
506.675,0
506.875,0
507.075,0
507.275,0
507.475,0
507.675,0
507.875,0
508.076,0
508.276,0
508.476,0
508.676,0
508.876,0
509.076,0
509.276,0
509.476,0
509.676,0
509.876,0
510.076,0
510.276,0
510.476,0
510.676,0
510.876,0
511.076,0
511.276,0
511.476,0
511.676,0
511.876,0
512.077,0
512.277,0
512.477,0
512.677,0
512.877,0
513.077,0
513.277,0
513.477,0
513.677,0
513.877,0
514.077,0
514.277,0
514.477,0
514.677,0
514.877,0
515.077,0
515.277,0
515.477,0
515.677,0
515.877,0
516.078,0
516.278,0
516.478,0
516.678,0
516.878,0
517.078,0
517.278,0
517.478,0
517.678,0
517.878,0
518.078,0
518.278,0
518.478,0
518.678,0
518.878,0
519.078,0
519.278,0
519.478,0
519.678,0
519.878,0
520.078,0
520.279,0
520.479,0
520.679,0
520.879,0
521.079,0
521.279,0
521.479,0
521.679,0
521.879,0
522.079,0
522.279,0
522.479,0
522.679,0
522.879,0
523.079,0
523.279,0
523.479,0
523.679,0
523.879,0
524.079,0
524.28,0
524.48,0
524.68,0
524.88,0
525.08,0
525.28,0
525.48,0
525.68,0
525.88,0
526.08,0
526.28,0
526.48,0
526.68,0
526.88,0
527.08,0
527.28,0
527.48,0
527.68,0
527.88,0
528.08,0
528.281,0
528.481,0
528.681,0
528.881,0
529.081,0
529.281,0
529.481,0
529.681,0
529.881,0
530.081,0
530.281,0
530.481,0
530.681,0
530.881,0
531.081,0
531.281,0
531.481,0
531.681,0
531.881,0
532.081,0
532.282,0
532.482,0
532.682,0
532.882,0
533.082,0
533.282,0
533.482,0
533.682,0
533.882,0
534.082,0
534.282,0
534.482,0
534.682,0
534.882,0
535.082,0
535.282,0
535.482,0
535.682,0
535.882,0
536.082,0
536.283,0
536.483,0
536.683,0
536.883,0
537.083,0
537.283,0
537.483,0
537.683,0
537.883,0
538.083,0
538.283,0
538.483,0
538.683,0
538.883,0
539.083,0
539.283,0
539.483,0
539.683,0
539.883,0
540.083,0
540.283,0
540.484,0
540.684,0
540.884,0
541.084,0
541.284,0
541.484,0
541.684,0
541.884,0
542.084,0
542.284,0
542.484,0
542.684,0
542.884,0
543.084,0
543.284,0
543.484,0
543.684,0
543.884,0
544.084,0
544.284,0
544.485,0
544.685,0
544.885,0
545.085,0
545.285,0
545.485,0
545.685,0
545.885,0
546.085,0
546.285,0
546.485,0
546.685,0
546.885,0
547.085,0
547.285,0
547.485,0
547.685,0
547.885,0
548.085,0
548.285,0
548.486,0
548.686,0
548.886,0
549.086,0
549.286,0
549.486,0
549.686,0
549.886,0
550.086,0
550.286,0
550.486,0
550.686,0
550.886,0
551.086,0
551.286,0
551.486,0
551.686,0
551.886,0
552.086,0
552.286,0
552.487,0
552.687,0
552.887,0
553.087,0
553.287,0
553.487,0
553.687,0
553.887,0
554.087,0
554.287,0
554.487,0
554.687,0
554.887,0
555.087,0
555.287,0
555.487,0
555.687,0
555.887,0
556.087,0
556.287,0
556.488,0
556.688,0
556.888,0
557.088,0
557.288,0
557.488,0
557.688,0
557.888,0
558.088,0
558.288,0
558.488,0
558.688,0
558.888,0
559.088,0
559.288,0
559.488,0
559.688,0
559.888,0
560.088,0
560.288,0
560.488,0
560.689,0
560.889,0
561.089,0
561.289,0
561.489,0
561.689,0
561.889,0
562.089,0
562.289,0
562.489,0
562.689,0
562.889,0
563.089,0
563.289,0
563.489,0
563.689,0
563.889,0
564.089,0
564.289,0
564.489,0
564.69,0
564.89,0
565.09,0
565.29,0
565.49,0
565.69,0
565.89,0
566.09,0
566.29,0
566.49,0
566.69,0
566.89,0
567.09,0
567.29,0
567.49,0
567.69,0
567.89,0
568.09,0
568.29,0
568.49,0
568.691,0
568.891,0
569.091,0
569.291,0
569.491,0
569.691,0
569.891,0
570.091,0
570.291,0
570.491,0
570.691,0
570.891,0
571.091,0
571.291,0
571.491,0
571.691,0
571.891,0
572.091,0
572.291,0
572.491,0
572.692,0
572.892,0
573.092,0
573.292,0
573.492,0
573.692,0
573.892,0
574.092,0
574.292,0
574.492,0
574.692,0
574.892,0
575.092,0
575.292,0
575.492,0
575.692,0
575.892,0
576.092,0
576.292,0
576.492,0
576.693,0
576.893,0
577.093,0
577.293,0
577.493,0
577.693,0
577.893,0
578.093,0
578.293,0
578.493,0
578.693,0
578.893,0
579.093,0
579.293,0
579.493,0
579.693,0
579.893,0
580.093,0
580.293,0
580.493,0
580.693,0
580.894,0
581.094,0
581.294,0
581.494,0
581.694,0
581.894,0
582.094,0
582.294,0
582.494,0
582.694,0
582.894,0
583.094,0
583.294,0
583.494,0
583.694,0
583.894,0
584.094,0
584.294,0
584.494,0
584.694,0
584.895,0
585.095,0
585.295,0
585.495,0
585.695,0
585.895,0
586.095,0
586.295,0
586.495,0
586.695,0
586.895,0
587.095,0
587.295,0
587.495,0
587.695,0
587.895,0
588.095,0
588.295,0
588.495,0
588.695,0
588.896,0
589.096,0
589.296,0
589.496,0
589.696,0
589.896,0
590.096,0
590.296,0
590.496,0
590.696,0
590.896,0
591.096,0
591.296,0
591.496,0
591.696,0
591.896,0
592.096,0
592.296,0
592.496,0
592.696,0
592.897,0
593.097,0
593.297,0
593.497,0
593.697,0
593.897,0
594.097,0
594.297,0
594.497,0
594.697,0
594.897,0
595.097,0
595.297,0
595.497,0
595.697,0
595.897,0
596.097,0
596.297,0
596.497,0
596.697,0
596.898,0
597.098,0
597.298,0
597.498,0
597.698,0
597.898,0
598.098,0
598.298,0
598.498,0
598.698,0
598.898,0
599.098,0
599.298,0
599.498,0
599.698,0
599.898,0
600.098,0
600.298,0
600.498,0
600.698,0
600.898,0
601.099,0
601.299,0
601.499,0
601.699,0
601.899,0
602.099,0
602.299,0
602.499,0
602.699,0
602.899,0
603.099,0
603.299,0
603.499,0
603.699,0
603.899,0
604.099,0
604.299,0
604.499,0
604.699,0
604.899,0
605.1,0
605.3,0
605.5,0
605.7,0
605.9,0
606.1,0
606.3,0
606.5,0
606.7,0
606.9,0
607.1,0
607.3,0
607.5,0
607.7,0
607.9,0
608.1,0
608.3,0
608.5,0
608.7,0
608.9,0
609.101,0
609.301,0
609.501,0
609.701,0
609.901,0
610.101,0
610.301,0
610.501,0
610.701,0
610.901,0
611.101,0
611.301,0
611.501,0
611.701,0
611.901,0
612.101,0
612.301,0
612.501,0
612.701,0
612.901,0
613.102,0
613.302,0
613.502,0
613.702,0
613.902,0
614.102,0
614.302,0
614.502,0
614.702,0
614.902,0
615.102,0
615.302,0
615.502,0
615.702,0
615.902,0
616.102,0
616.302,0
616.502,0
616.702,0
616.902,0
617.103,0
617.303,0
617.503,0
617.703,0
617.903,0
618.103,0
618.303,0
618.503,0
618.703,0
618.903,0
619.103,0
619.303,0
619.503,0
619.703,0
619.903,0
620.103,0
620.303,0
620.503,0
620.703,0
620.903,0
621.103,0
621.304,0
621.504,0
621.704,0
621.904,0
622.104,0
622.304,0
622.504,0
622.704,0
622.904,0
623.104,0
623.304,0
623.504,0
623.704,0
623.904,0
624.104,0
624.304,0
624.504,0
624.704,0
624.904,0
625.104,0
625.305,0
625.505,0
625.705,0
625.905,0
626.105,0
626.305,0
626.505,0
626.705,0
626.905,0
627.105,0
627.305,0
627.505,0
627.705,0
627.905,0
628.105,0
628.305,0
628.505,0
628.705,0
628.905,0
629.105,0
629.306,0
629.506,0
629.706,0
629.906,0
630.106,0
630.306,0
630.506,0
630.706,0
630.906,0
631.106,0
631.306,0
631.506,0
631.706,0
631.906,0
632.106,0
632.306,0
632.506,0
632.706,0
632.906,0
633.106,0
633.307,0
633.507,0
633.707,0
633.907,0
634.107,0
634.307,0
634.507,0
634.707,0
634.907,0
635.107,0
635.307,0
635.507,0
635.707,0
635.907,0
636.107,0
636.307,0
636.507,0
636.707,0
636.907,0
637.107,0
637.308,0
637.508,0
637.708,0
637.908,0
638.108,0
638.308,0
638.508,0
638.708,0
638.908,0
639.108,0
639.308,0
639.508,0
639.708,0
639.908,0
640.108,0
640.308,0
640.508,0
640.708,0
640.908,0
641.108,0
641.308,0
641.509,0
641.709,0
641.909,0
642.109,0
642.309,0
642.509,0
642.709,0
642.909,0
643.109,0
643.309,0
643.509,0
643.709,0
643.909,0
644.109,0
644.309,0
644.509,0
644.709,0
644.909,0
645.109,0
645.309,0
645.51,0
645.71,0
645.91,0
646.11,0
646.31,0
646.51,0
646.71,0
646.91,0
647.11,0
647.31,0
647.51,0
647.71,0
647.91,0
648.11,0
648.31,0
648.51,0
648.71,0
648.91,0
649.11,0
649.31,0
649.511,0
649.711,0
649.911,0
650.111,0
650.311,0
650.511,0
650.711,0
650.911,0
651.111,0
651.311,0
651.511,0
651.711,0
651.911,0
652.111,0
652.311,0
652.511,0
652.711,0
652.911,0
653.111,0
653.311,0
653.512,0
653.712,0
653.912,0
654.112,0
654.312,0
654.512,0
654.712,0
654.912,0
655.112,0
655.312,0
655.512,0
655.712,0
655.912,0
656.112,0
656.312,0
656.512,0
656.712,0
656.912,0
657.112,0
657.312,0
657.512,0
657.713,0
657.913,0
658.113,0
658.313,0
658.513,0
658.713,0
658.913,0
659.113,0
659.313,0
659.513,0
659.713,0
659.913,0
660.113,0
660.313,0
660.513,0
660.713,0
660.913,0
661.113,0
661.313,0
661.513,0
661.714,0
661.914,0
662.114,0
662.314,0
662.514,0
662.714,0
662.914,0
663.114,0
663.314,0
663.514,0
663.714,0
663.914,0
664.114,0
664.314,0
664.514,0
664.714,0
664.914,0
665.114,0
665.314,0
665.514,0
665.715,0
665.915,0
666.115,0
666.315,0
666.515,0
666.715,0
666.915,0
667.115,0
667.315,0
667.515,0
667.715,0
667.915,0
668.115,0
668.315,0
668.515,0
668.715,0
668.915,0
669.115,0
669.315,0
669.515,0
669.716,0
669.916,0
670.116,0
670.316,0
670.516,0
670.716,0
670.916,0
671.116,0
671.316,0
671.516,0
671.716,0
671.916,0
672.116,0
672.316,0
672.516,0
672.716,0
672.916,0
673.116,0
673.316,0
673.516,0
673.717,0
673.917,0
674.117,0
674.317,0
674.517,0
674.717,0
674.917,0
675.117,0
675.317,0
675.517,0
675.717,0
675.917,0
676.117,0
676.317,0
676.517,0
676.717,0
676.917,0
677.117,0
677.317,0
677.517,0
677.717,0
677.918,0
678.118,0
678.318,0
678.518,0
678.718,0
678.918,0
679.118,0
679.318,0
679.518,0
679.718,0
679.918,0
680.118,0
680.318,0
680.518,0
680.718,0
680.918,0
681.118,0
681.318,0
681.518,0
681.718,0
681.919,0
682.119,0
682.319,0
682.519,0
682.719,0
682.919,0
683.119,0
683.319,0
683.519,0
683.719,0
683.919,0
684.119,0
684.319,0
684.519,0
684.719,0
684.919,0
685.119,0
685.319,0
685.519,0
685.719,0
685.92,0
686.12,0
686.32,0
686.52,0
686.72,0
686.92,0
687.12,0
687.32,0
687.52,0
687.72,0
687.92,0
688.12,0
688.32,0
688.52,0
688.72,0
688.92,0
689.12,0
689.32,0
689.52,0
689.72,0
689.921,0
690.121,0
690.321,0
690.521,0
690.721,0
690.921,0
691.121,0
691.321,0
691.521,0
691.721,0
691.921,0
692.121,0
692.321,0
692.521,4.36769
692.721,0
692.921,0
693.121,0
693.321,0
693.521,0
693.721,0
693.922,0
694.122,0
694.322,0
694.522,0
694.722,0
694.922,0
695.122,0
695.322,0
695.522,0
695.722,0
695.922,0
696.122,0
696.322,0
696.522,0
696.722,0
696.922,0
697.122,0
697.322,0
697.522,0
697.722,0
697.922,0
698.123,0
698.323,0
698.523,0
698.723,0
698.923,0
699.123,0
699.323,0
699.523,0
699.723,0
699.923,0
700.123,0
700.323,0
700.523,0
700.723,0
700.923,0
701.123,0
701.323,0
701.523,0
701.723,0
701.923,0
702.124,0
702.324,0
702.524,0
702.724,0
702.924,0
703.124,0
703.324,0
703.524,0
703.724,0
703.924,0
704.124,0
704.324,0
704.524,0
704.724,0
704.924,0
705.124,0
705.324,0
705.524,0
705.724,0
705.924,0
706.125,0
706.325,0
706.525,0
706.725,0
706.925,0
707.125,0
707.325,0
707.525,0
707.725,0
707.925,0
708.125,0
708.325,0
708.525,0
708.725,0
708.925,0
709.125,0
709.325,0
709.525,0
709.725,0
709.925,0
710.126,0
710.326,0
710.526,0
710.726,0
710.926,0
711.126,0
711.326,0
711.526,0
711.726,0
711.926,0
712.126,0
712.326,0
712.526,0
712.726,0
712.926,0
713.126,0
713.326,0
713.526,0
713.726,0
713.926,0
714.127,0
714.327,0
714.527,0
714.727,0
714.927,0
715.127,0
715.327,0
715.527,0
715.727,0
715.927,0
716.127,0
716.327,0
716.527,0
716.727,0
716.927,0
717.127,0
717.327,0
717.527,0
717.727,0
717.927,0
718.127,0
718.328,0
718.528,0
718.728,0
718.928,0
719.128,0
719.328,0
719.528,0
719.728,0
719.928,0
720.128,0
720.328,0
720.528,0
720.728,0
720.928,0
721.128,0
721.328,0
721.528,0
721.728,0
721.928,0
722.128,0
722.329,0
722.529,0
722.729,0
722.929,0
723.129,0
723.329,0
723.529,0
723.729,0
723.929,0
724.129,0
724.329,0
724.529,0
724.729,0
724.929,0
725.129,0
725.329,0
725.529,0
725.729,0
725.929,0
726.129,0
726.33,0
726.53,0
726.73,0
726.93,0
727.13,0
727.33,0
727.53,0
727.73,0
727.93,0
728.13,0
728.33,0
728.53,0
728.73,0
728.93,0
729.13,0
729.33,0
729.53,0
729.73,0
729.93,0
730.13,0
730.331,0
730.531,0
730.731,0
730.931,0
731.131,0
731.331,0
731.531,0
731.731,0
731.931,0
732.131,0
732.331,0
732.531,0
732.731,0
732.931,0
733.131,0
733.331,0
733.531,0
733.731,0
733.931,0
734.131,0
734.332,0
734.532,0
734.732,0
734.932,0
735.132,0
735.332,0
735.532,0
735.732,0
735.932,0
736.132,0
736.332,0
736.532,0
736.732,0
736.932,0
737.132,0
737.332,0
737.532,0
737.732,0
737.932,0
738.132,0
738.332,0
738.533,0
738.733,0
738.933,0
739.133,0
739.333,0
739.533,0
739.733,0
739.933,0
740.133,0
740.333,0
740.533,0
740.733,0
740.933,0
741.133,0
741.333,0
741.533,0
741.733,0
741.933,0
742.133,0
742.333,0
742.534,0
742.734,0
742.934,0
743.134,0
743.334,0
743.534,0
743.734,0
743.934,0
744.134,0
744.334,0
744.534,0
744.734,0
744.934,0
745.134,0
745.334,0
745.534,0
745.734,0
745.934,0
746.134,0
746.334,0
746.535,0
746.735,0
746.935,0
747.135,0
747.335,0
747.535,0
747.735,0
747.935,0
748.135,0
748.335,0
748.535,0
748.735,0
748.935,0
749.135,0
749.335,0
749.535,0
749.735,0
749.935,0
750.135,0
750.335,0
750.536,0
750.736,0
750.936,0
751.136,0
751.336,0
751.536,0
751.736,0
751.936,0
752.136,0
752.336,0
752.536,0
752.736,0
752.936,0
753.136,0
753.336,0
753.536,0
753.736,0
753.936,0
754.136,0
754.336,0
754.537,0
754.737,0
754.937,0
755.137,0
755.337,0
755.537,0
755.737,0
755.937,0
756.137,0
756.337,0
756.537,0
756.737,0
756.937,0
757.137,0
757.337,0
757.537,0
757.737,0
757.937,0
758.137,0
758.337,0
758.537,0
758.738,0
758.938,0
759.138,0
759.338,0
759.538,4.84266
759.738,0
759.938,0
760.138,0
760.338,0
760.538,0
760.738,0
760.938,0
761.138,0
761.338,0
761.538,0
761.738,0
761.938,0
762.138,0
762.338,0
762.538,0
762.739,0
762.939,0
763.139,0
763.339,0
763.539,0
763.739,0
763.939,0
764.139,0
764.339,0
764.539,0
764.739,0
764.939,0
765.139,0
765.339,0
765.539,0
765.739,0
765.939,0
766.139,0
766.339,0
766.539,0
766.74,0
766.94,0
767.14,0
767.34,0
767.54,0
767.74,0
767.94,0
768.14,0
768.34,0
768.54,0
768.74,0
768.94,0
769.14,0
769.34,0
769.54,0
769.74,0
769.94,0
770.14,0
770.34,0
770.54,0
770.741,0
770.941,0
771.141,0
771.341,0
771.541,0
771.741,0
771.941,0
772.141,0
772.341,0
772.541,0
772.741,0
772.941,0
773.141,0
773.341,0
773.541,0
773.741,0
773.941,0
774.141,0
774.341,0
774.541,0
774.742,0
774.942,0
775.142,0
775.342,0
775.542,0
775.742,0
775.942,0
776.142,0
776.342,0
776.542,0
776.742,0
776.942,0
777.142,0
777.342,0
777.542,0
777.742,0
777.942,0
778.142,0
778.342,0
778.542,0
778.742,0
778.943,0
779.143,0
779.343,0
779.543,0
779.743,0
779.943,0
780.143,0
780.343,0
780.543,0
780.743,0
780.943,0
781.143,0
781.343,0
781.543,0
781.743,0
781.943,0
782.143,0
782.343,0
782.543,0
782.743,0
782.944,0
783.144,0
783.344,0
783.544,0
783.744,0
783.944,0
784.144,0
784.344,0
784.544,0
784.744,0
784.944,0
785.144,0
785.344,0
785.544,0
785.744,0
785.944,0
786.144,0
786.344,0
786.544,0
786.744,0
786.945,0
787.145,0
787.345,0
787.545,0
787.745,0
787.945,0
788.145,0
788.345,0
788.545,0
788.745,0
788.945,0
789.145,0
789.345,0
789.545,0
789.745,0
789.945,0
790.145,0
790.345,0
790.545,0
790.745,0
790.946,0
791.146,0
791.346,0
791.546,0
791.746,0
791.946,0
792.146,0
792.346,0
792.546,0
792.746,0
792.946,0
793.146,0
793.346,0
793.546,0
793.746,0
793.946,0
794.146,0
794.346,0
794.546,0
794.746,0
794.947,0
795.147,0
795.347,0
795.547,0
795.747,0
795.947,0
796.147,0
796.347,0
796.547,0
796.747,0
796.947,0
797.147,0
797.347,0
797.547,0
797.747,0
797.947,0
798.147,0
798.347,0
798.547,0
798.747,0
798.947,0
799.148,0
799.348,0
799.548,0
799.748,0
799.948,0
800.148,0
800.348,0
800.548,0
800.748,0
800.948,0
801.148,0
801.348,0
801.548,0
801.748,0
801.948,0
802.148,0
802.348,0
802.548,0
802.748,0
802.948,0
803.149,0
803.349,0
803.549,0
803.749,0
803.949,0
804.149,0
804.349,0
804.549,0
804.749,0
804.949,0
805.149,0
805.349,0
805.549,0
805.749,0
805.949,0
806.149,0
806.349,0
806.549,0
806.749,0
806.949,0
807.15,0
807.35,0
807.55,0
807.75,0
807.95,0
808.15,0
808.35,0
808.55,0
808.75,0
808.95,0
809.15,0
809.35,0
809.55,0
809.75,0
809.95,0
810.15,0
810.35,0
810.55,0
810.75,0
810.95,0
811.151,0
811.351,0
811.551,0
811.751,0
811.951,0
812.151,0
812.351,0
812.551,0
812.751,0
812.951,0
813.151,0
813.351,0
813.551,0
813.751,0
813.951,0
814.151,0
814.351,0
814.551,0
814.751,0
814.951,0
815.152,0
815.352,0
815.552,0
815.752,0
815.952,0
816.152,0
816.352,0
816.552,0
816.752,0
816.952,0
817.152,0
817.352,0
817.552,0
817.752,0
817.952,0
818.152,0
818.352,0
818.552,0
818.752,0
818.952,0
819.152,0
819.353,0
819.553,0
819.753,0
819.953,0
820.153,0
820.353,0
820.553,0
820.753,0
820.953,0
821.153,0
821.353,0
821.553,0
821.753,0
821.953,0
822.153,0
822.353,0
822.553,0
822.753,0
822.953,0
823.153,0
823.354,0
823.554,0
823.754,0
823.954,0
824.154,0
824.354,0
824.554,0
824.754,0
824.954,0
825.154,0
825.354,0
825.554,0
825.754,0
825.954,0
826.154,0
826.354,0
826.554,0
826.754,0
826.954,0
827.154,0
827.355,0
827.555,0
827.755,0
827.955,0
828.155,0
828.355,0
828.555,0
828.755,0
828.955,0
829.155,0
829.355,0
829.555,0
829.755,0
829.955,0
830.155,0
830.355,0
830.555,0
830.755,0
830.955,0
831.155,0
831.356,0
831.556,0
831.756,0
831.956,0
832.156,0
832.356,0
832.556,0
832.756,0
832.956,0
833.156,0
833.356,0
833.556,0
833.756,0
833.956,0
834.156,0
834.356,0
834.556,0
834.756,0
834.956,0
835.156,0
835.356,0
835.557,0
835.757,0
835.957,0
836.157,0
836.357,0
836.557,0
836.757,0
836.957,0
837.157,0
837.357,0
837.557,0
837.757,0
837.957,0
838.157,0
838.357,0
838.557,0
838.757,0
838.957,0
839.157,0
839.357,0
839.558,0
839.758,0
839.958,0
840.158,0
840.358,0
840.558,0
840.758,0
840.958,0
841.158,0
841.358,0
841.558,0
841.758,0
841.958,0
842.158,0
842.358,0
842.558,0
842.758,0
842.958,0
843.158,0
843.358,0
843.559,0
843.759,0
843.959,0
844.159,0
844.359,0
844.559,0
844.759,0
844.959,0
845.159,0
845.359,0
845.559,0
845.759,0
845.959,0
846.159,0
846.359,0
846.559,0
846.759,0
846.959,0
847.159,0
847.359,0
847.56,0
847.76,0
847.96,0
848.16,0
848.36,0
848.56,0
848.76,0
848.96,0
849.16,0
849.36,0
849.56,0
849.76,0
849.96,0
850.16,0
850.36,0
850.56,0
850.76,0
850.96,0
851.16,0
851.36,0
851.561,0
851.761,0
851.961,0
852.161,0
852.361,0
852.561,0
852.761,0
852.961,0
853.161,0
853.361,0
853.561,0
853.761,0
853.961,0
854.161,0
854.361,0
854.561,0
854.761,0
854.961,0
855.161,0
855.361,0
855.561,0
855.762,0
855.962,0
856.162,0
856.362,0
856.562,0
856.762,0
856.962,0
857.162,0
857.362,0
857.562,0
857.762,0
857.962,0
858.162,0
858.362,0
858.562,0
858.762,0
858.962,0
859.162,0
859.362,0
859.562,0
859.763,0
859.963,0
860.163,0
860.363,0
860.563,0
860.763,0
860.963,0
861.163,0
861.363,0
861.563,0
861.763,0
861.963,0
862.163,0
862.363,0
862.563,0
862.763,0
862.963,0
863.163,0
863.363,0
863.563,0
863.764,0
863.964,0
864.164,0
864.364,0
864.564,0
864.764,0
864.964,0
865.164,0
865.364,0
865.564,0
865.764,0
865.964,0
866.164,0
866.364,0
866.564,0
866.764,0
866.964,0
867.164,0
867.364,0
867.564,0
867.765,0
867.965,0
868.165,0
868.365,0
868.565,0
868.765,0
868.965,0
869.165,0
869.365,0
869.565,0
869.765,0
869.965,0
870.165,0
870.365,0
870.565,0
870.765,0
870.965,0
871.165,0
871.365,0
871.565,0
871.766,0
871.966,0
872.166,0
872.366,0
872.566,0
872.766,0
872.966,0
873.166,0
873.366,0
873.566,0
873.766,0
873.966,0
874.166,0
874.366,0
874.566,0
874.766,0
874.966,0
875.166,0
875.366,0
875.566,0
875.766,0
875.967,0
876.167,0
876.367,0
876.567,0
876.767,0
876.967,0
877.167,0
877.367,0
877.567,0
877.767,0
877.967,0
878.167,0
878.367,0
878.567,0
878.767,0
878.967,0
879.167,0
879.367,0
879.567,0
879.767,0
879.968,0
880.168,0
880.368,0
880.568,0
880.768,0
880.968,0
881.168,0
881.368,0
881.568,0
881.768,0
881.968,0
882.168,0
882.368,0
882.568,0
882.768,0
882.968,0
883.168,0
883.368,0
883.568,0
883.768,0
883.969,0
884.169,0
884.369,0
884.569,0
884.769,0
884.969,0
885.169,0
885.369,0
885.569,0
885.769,0
885.969,0
886.169,0
886.369,0
886.569,0
886.769,0
886.969,0
887.169,0
887.369,0
887.569,0
887.769,0
887.97,0
888.17,0
888.37,0
888.57,0
888.77,0
888.97,0
889.17,0
889.37,0
889.57,0
889.77,0
889.97,0
890.17,0
890.37,0
890.57,0
890.77,0
890.97,0
891.17,0
891.37,0
891.57,0
891.77,0
891.971,0
892.171,0
892.371,0
892.571,0
892.771,0
892.971,0
893.171,0
893.371,0
893.571,0
893.771,0
893.971,0
894.171,0
894.371,0
894.571,0
894.771,0
894.971,0
895.171,0
895.371,0
895.571,0
895.771,0
895.971,0
896.172,0
896.372,0
896.572,0
896.772,0
896.972,0
897.172,0
897.372,0
897.572,0
897.772,0
897.972,0
898.172,0
898.372,0
898.572,0
898.772,0
898.972,0
899.172,0
899.372,0
899.572,0
899.772,0
899.972,0
900.173,0
900.373,0
900.573,0
900.773,0
900.973,0
901.173,0
901.373,0
901.573,0
901.773,0
901.973,0
902.173,0
902.373,0
902.573,0
902.773,0
902.973,0
903.173,0
903.373,0
903.573,0
903.773,0
903.973,0
904.174,0
904.374,0
904.574,0
904.774,0
904.974,0
905.174,0
905.374,0
905.574,0
905.774,0
905.974,0
906.174,0
906.374,0
906.574,0
906.774,0
906.974,0
907.174,0
907.374,0
907.574,0
907.774,0
907.974,0
908.175,0
908.375,0
908.575,0
908.775,0
908.975,0
909.175,0
909.375,0
909.575,0
909.775,0
909.975,0
910.175,0
910.375,0
910.575,0
910.775,0
910.975,0
911.175,0
911.375,0
911.575,0
911.775,0
911.975,0
912.176,0
912.376,0
912.576,0
912.776,0
912.976,0
913.176,0
913.376,0
913.576,0
913.776,0
913.976,0
914.176,0
914.376,0
914.576,0
914.776,0
914.976,0
915.176,0
915.376,0
915.576,0
915.776,0
915.976,0
916.176,0
916.377,0
916.577,0
916.777,0
916.977,0
917.177,0
917.377,0
917.577,0
917.777,0
917.977,0
918.177,0
918.377,0
918.577,0
918.777,0
918.977,0
919.177,0
919.377,0
919.577,0
919.777,0
919.977,0
920.177,0
920.378,0
920.578,0
920.778,0
920.978,0
921.178,0
921.378,0
921.578,0
921.778,0
921.978,0
922.178,0
922.378,0
922.578,0
922.778,0
922.978,0
923.178,0
923.378,0
923.578,0
923.778,0
923.978,0
924.178,0
924.379,0
924.579,0
924.779,0
924.979,0
925.179,0
925.379,0
925.579,0
925.779,0
925.979,0
926.179,0
926.379,0
926.579,0
926.779,0
926.979,0
927.179,0
927.379,0
927.579,0
927.779,0
927.979,0
928.179,0
928.38,0
928.58,0
928.78,0
928.98,0
929.18,0
929.38,0
929.58,0
929.78,0
929.98,0
930.18,0
930.38,0
930.58,0
930.78,0
930.98,0
931.18,0
931.38,0
931.58,0
931.78,0
931.98,0
932.18,0
932.381,0
932.581,0
932.781,0
932.981,0
933.181,0
933.381,0
933.581,0
933.781,0
933.981,0
934.181,0
934.381,0
934.581,0
934.781,0
934.981,0
935.181,0
935.381,9.35985
935.581,0
935.781,0
935.981,0
936.181,0
936.381,0
936.582,0
936.782,0
936.982,0
937.182,0
937.382,0
937.582,0
937.782,0
937.982,0
938.182,8.2867
938.382,0
938.582,0
938.782,0
938.982,0
939.182,0
939.382,0
939.582,0
939.782,0
939.982,0
940.182,0
940.382,0
940.583,0
940.783,0
940.983,0
941.183,0
941.383,0
941.583,0
941.783,0
941.983,0
942.183,0
942.383,0
942.583,0
942.783,0
942.983,0
943.183,0
943.383,0
943.583,0
943.783,0
943.983,0
944.183,0
944.383,0
944.584,0
944.784,0
944.984,0
945.184,0
945.384,0
945.584,0
945.784,0
945.984,0
946.184,0
946.384,0
946.584,0
946.784,0
946.984,0
947.184,0
947.384,0
947.584,0
947.784,0
947.984,0
948.184,0
948.384,0
948.585,0
948.785,0
948.985,0
949.185,0
949.385,0
949.585,0
949.785,0
949.985,0
950.185,0
950.385,0
950.585,0
950.785,0
950.985,0
951.185,0
951.385,0
951.585,0
951.785,0
951.985,0
952.185,0
952.385,0
952.586,0
952.786,0
952.986,0
953.186,0
953.386,0
953.586,0
953.786,0
953.986,0
954.186,0
954.386,0
954.586,0
954.786,0
954.986,0
955.186,0
955.386,0
955.586,0
955.786,0
955.986,0
956.186,0
956.386,0
956.586,0
956.787,0
956.987,0
957.187,0
957.387,0
957.587,0
957.787,0
957.987,0
958.187,0
958.387,0
958.587,0
958.787,0
958.987,0
959.187,0
959.387,0
959.587,0
959.787,0
959.987,0
960.187,0
960.387,0
960.587,0
960.788,0
960.988,0
961.188,0
961.388,0
961.588,0
961.788,0
961.988,0
962.188,0
962.388,0
962.588,0
962.788,0
962.988,0
963.188,0
963.388,0
963.588,0
963.788,0
963.988,0
964.188,0
964.388,0
964.588,0
964.789,0
964.989,0
965.189,0
965.389,0
965.589,0
965.789,0
965.989,0
966.189,0
966.389,0
966.589,0
966.789,0
966.989,0
967.189,0
967.389,0
967.589,0
967.789,0
967.989,0
968.189,0
968.389,0
968.589,0
968.79,0
968.99,0
969.19,0
969.39,0
969.59,0
969.79,0
969.99,0
970.19,0
970.39,0
970.59,0
970.79,0
970.99,0
971.19,0
971.39,0
971.59,0
971.79,0
971.99,0
972.19,0
972.39,0
972.59,0
972.791,0
972.991,0
973.191,0
973.391,0
973.591,0
973.791,0
973.991,0
974.191,0
974.391,0
974.591,0
974.791,0
974.991,0
975.191,0
975.391,0
975.591,0
975.791,0
975.991,0
976.191,0
976.391,0
976.591,0
976.791,0
976.992,0
977.192,0
977.392,0
977.592,0
977.792,0
977.992,0
978.192,0
978.392,0
978.592,3.96246
978.792,0
978.992,0
979.192,0
979.392,0
979.592,0
979.792,0
979.992,0
980.192,0
980.392,0
980.592,0
980.792,0
980.993,0
981.193,0
981.393,0
981.593,0
981.793,0
981.993,0
982.193,0
982.393,0
982.593,0
982.793,0
982.993,0
983.193,0
983.393,0
983.593,0
983.793,0
983.993,0
984.193,0
984.393,0
984.593,0
984.793,0
984.994,0
985.194,0
985.394,0
985.594,0
985.794,0
985.994,0
986.194,0
986.394,0
986.594,0
986.794,0
986.994,0
987.194,0
987.394,0
987.594,0
987.794,0
987.994,0
988.194,0
988.394,0
988.594,0
988.794,0
988.995,0
989.195,0
989.395,0
989.595,0
989.795,0
989.995,0
990.195,0
990.395,0
990.595,0
990.795,0
990.995,0
991.195,0
991.395,0
991.595,0
991.795,0
991.995,0
992.195,0
992.395,0
992.595,0
992.795,0
992.996,0
993.196,0
993.396,0
993.596,0
993.796,0
993.996,0
994.196,0
994.396,0
994.596,0
994.796,0
994.996,0
995.196,0
995.396,0
995.596,0
995.796,0
995.996,0
996.196,0
996.396,0
996.596,0
996.796,0
996.996,0
997.197,0
997.397,0
997.597,0
997.797,0
997.997,0
998.197,0
998.397,0
998.597,0
998.797,0
998.997,0
999.197,0
999.397,0
999.597,0
999.797,0
999.997,0
1000.2,0
1000.4,0
1000.6,0
1000.8,0
1001,0
1001.2,0
1001.4,0
1001.6,0
1001.8,0
1002,0
1002.2,0
1002.4,0
1002.6,0
1002.8,0
1003,0
1003.2,0
1003.4,0
1003.6,0
1003.8,0
1004,0
1004.2,0
1004.4,0
1004.6,0
1004.8,0
1005,0
1005.2,0
1005.4,0
1005.6,0
1005.8,0
1006,0
1006.2,0
1006.4,0
1006.6,0
1006.8,0
1007,0
1007.2,0
1007.4,0
1007.6,0
1007.8,0
1008,0
1008.2,0
1008.4,0
1008.6,0
1008.8,0
1009,0
1009.2,0
1009.4,0
1009.6,0
1009.8,0
1010,0
1010.2,0
1010.4,0
1010.6,0
1010.8,0
1011,0
1011.2,0
1011.4,0
1011.6,0
1011.8,0
1012,0
1012.2,0
1012.4,0
1012.6,0
1012.8,0
1013,0
1013.2,0
1013.4,0
1013.6,0
1013.8,0
1014,0
1014.2,0
1014.4,0
1014.6,0
1014.8,0
1015,0
1015.2,0
1015.4,0
1015.6,0
1015.8,0
1016,0
1016.2,0
1016.4,0
1016.6,0
1016.8,0
1017,0
1017.2,0
1017.4,0
1017.6,0
1017.8,0
1018,0
1018.2,0
1018.4,0
1018.6,0
1018.8,0
1019,0
1019.2,0
1019.4,0
1019.6,0
1019.8,0
1020,0
1020.2,0
1020.4,0
1020.6,0
1020.8,0
1021,0
1021.2,0
1021.4,0
1021.6,0
1021.8,0
1022,0
1022.2,0
1022.4,0
1022.6,0
1022.8,0
1023,0
1023.2,0
1023.4,0
1023.6,0
1023.8,0
1024,0
1024.2,0
1024.4,0
1024.6,0
1024.8,0
1025,0
1025.2,0
1025.4,0
1025.6,0
1025.8,0
1026,0
1026.2,0
1026.4,0
1026.6,0
1026.8,0
1027,0
1027.2,0
1027.4,0
1027.6,0
1027.8,0
1028,0
1028.2,0
1028.4,0
1028.6,0
1028.8,0
1029,0
1029.2,0
1029.4,0
1029.6,0
1029.8,0
1030,0
1030.2,0
1030.4,0
1030.6,0
1030.8,0
1031,0
1031.2,0
1031.41,0
1031.61,0
1031.81,0
1032.01,0
1032.21,0
1032.41,0
1032.61,0
1032.81,0
1033.01,0
1033.21,0
1033.41,0
1033.61,0
1033.81,0
1034.01,0
1034.21,0
1034.41,0
1034.61,0
1034.81,0
1035.01,0
1035.21,0
1035.41,0
1035.61,0
1035.81,0
1036.01,0
1036.21,0
1036.41,0
1036.61,0
1036.81,0
1037.01,0
1037.21,0
1037.41,0
1037.61,0
1037.81,0
1038.01,0
1038.21,0
1038.41,0
1038.61,0
1038.81,0
1039.01,0
1039.21,0
1039.41,0
1039.61,0
1039.81,0
1040.01,0
1040.21,0
1040.41,0
1040.61,0
1040.81,0
1041.01,0
1041.21,0
1041.41,0
1041.61,0
1041.81,0
1042.01,0
1042.21,0
1042.41,0
1042.61,0
1042.81,0
1043.01,0
1043.21,0
1043.41,0
1043.61,0
1043.81,0
1044.01,0
1044.21,0
1044.41,0
1044.61,0
1044.81,0
1045.01,0
1045.21,0
1045.41,0
1045.61,0
1045.81,0
1046.01,0
1046.21,0
1046.41,0
1046.61,0
1046.81,0
1047.01,0
1047.21,0
1047.41,0
1047.61,0
1047.81,0
1048.01,0
1048.21,0
1048.41,0
1048.61,0
1048.81,0
1049.01,0
1049.21,0
1049.41,0
1049.61,0
1049.81,0
1050.01,0
1050.21,0
1050.41,0
1050.61,0
1050.81,0
1051.01,0
1051.21,0
1051.41,0
1051.61,0
1051.81,0
1052.01,0
1052.21,0
1052.41,0
1052.61,0
1052.81,0
1053.01,0
1053.21,0
1053.41,0
1053.61,0
1053.81,0
1054.01,0
1054.21,0
1054.41,0
1054.61,0
1054.81,0
1055.01,0
1055.21,0
1055.41,0
1055.61,0
1055.81,0
1056.01,0
1056.21,0
1056.41,0
1056.61,0
1056.81,0
1057.01,0
1057.21,0
1057.41,0
1057.61,0
1057.81,0
1058.01,0
1058.21,0
1058.41,0
1058.61,0
1058.81,0
1059.01,0
1059.21,0
1059.41,0
1059.61,0
1059.81,0
1060.01,0
1060.21,0
1060.41,0
1060.61,0
1060.81,0
1061.01,0
1061.21,0
1061.41,0
1061.61,0
1061.81,0
1062.01,0
1062.21,0
1062.41,0
1062.61,0
1062.81,0
1063.01,0
1063.21,0
1063.41,0
1063.61,0
1063.81,0
1064.01,0
1064.21,0
1064.41,0
1064.61,0
1064.81,0
1065.01,0
1065.21,0
1065.41,0
1065.61,0
1065.81,0
1066.01,0
1066.21,0
1066.41,0
1066.61,0
1066.81,0
1067.01,0
1067.21,0
1067.41,0
1067.61,0
1067.81,0
1068.01,0
1068.21,0
1068.41,0
1068.61,0
1068.81,0
1069.01,0
1069.21,0
1069.41,0
1069.61,0
1069.81,0
1070.01,0
1070.21,0
1070.41,0
1070.61,0
1070.81,0
1071.01,0
1071.21,0
1071.41,0
1071.61,0
1071.82,0
1072.02,0
1072.22,0
1072.42,0
1072.62,0
1072.82,0
1073.02,0
1073.22,0
1073.42,0
1073.62,0
1073.82,0
1074.02,0
1074.22,0
1074.42,0
1074.62,0
1074.82,0
1075.02,0
1075.22,0
1075.42,0
1075.62,0
1075.82,0
1076.02,0
1076.22,0
1076.42,0
1076.62,0
1076.82,0
1077.02,0
1077.22,0
1077.42,0
1077.62,0
1077.82,0
1078.02,0
1078.22,0
1078.42,0
1078.62,0
1078.82,0
1079.02,0
1079.22,0
1079.42,0
1079.62,0
1079.82,0
1080.02,0
1080.22,0
1080.42,0
1080.62,0
1080.82,0
1081.02,0
1081.22,0
1081.42,0
1081.62,0
1081.82,0
1082.02,0
1082.22,0
1082.42,0
1082.62,0
1082.82,0
1083.02,0
1083.22,0
1083.42,0
1083.62,0
1083.82,0
1084.02,0
1084.22,0
1084.42,0
1084.62,0
1084.82,0
1085.02,0
1085.22,0
1085.42,0
1085.62,0
1085.82,0
1086.02,0
1086.22,0
1086.42,0
1086.62,0
1086.82,0
1087.02,0
1087.22,0
1087.42,0
1087.62,0
1087.82,0
1088.02,0
1088.22,0
1088.42,0
1088.62,0
1088.82,0
1089.02,0
1089.22,0
1089.42,0
1089.62,0
1089.82,0
1090.02,0
1090.22,0
1090.42,0
1090.62,0
1090.82,0
1091.02,0
1091.22,0
1091.42,0
1091.62,0
1091.82,0
1092.02,0
1092.22,0
1092.42,0
1092.62,0
1092.82,0
1093.02,0
1093.22,0
1093.42,0
1093.62,0
1093.82,0
1094.02,0
1094.22,0
1094.42,0
1094.62,0
1094.82,0
1095.02,0
1095.22,0
1095.42,0
1095.62,0
1095.82,0
1096.02,0
1096.22,0
1096.42,0
1096.62,0
1096.82,0
1097.02,0
1097.22,0
1097.42,0
1097.62,0
1097.82,0
1098.02,0
1098.22,0
1098.42,0
1098.62,0
1098.82,0
1099.02,0
1099.22,0
1099.42,0
1099.62,0
1099.82,0
1100.02,0
1100.22,0
1100.42,0
1100.62,0
1100.82,0
1101.02,0
1101.22,0
1101.42,0
1101.62,0
1101.82,0
1102.02,0
1102.22,0
1102.42,0
1102.62,0
1102.82,0
1103.02,0
1103.22,0
1103.42,0
1103.62,0
1103.82,0
1104.02,0
1104.22,0
1104.42,0
1104.62,0
1104.82,0
1105.02,0
1105.22,0
1105.42,0
1105.62,0
1105.82,0
1106.02,0
1106.22,0
1106.42,0
1106.62,0
1106.82,0
1107.02,0
1107.22,0
1107.42,0
1107.62,0
1107.82,0
1108.02,0
1108.22,0
1108.42,0
1108.62,0
1108.82,0
1109.02,0
1109.22,0
1109.42,0
1109.62,0
1109.82,0
1110.02,0
1110.22,0
1110.42,0
1110.62,0
1110.82,0
1111.02,0
1111.22,0
1111.42,0
1111.62,0
1111.82,0
1112.02,0
1112.22,0
1112.43,0
1112.63,0
1112.83,0
1113.03,0
1113.23,0
1113.43,0
1113.63,0
1113.83,0
1114.03,0
1114.23,0
1114.43,0
1114.63,0
1114.83,0
1115.03,0
1115.23,0
1115.43,0
1115.63,0
1115.83,0
1116.03,0
1116.23,0
1116.43,0
1116.63,0
1116.83,0
1117.03,0
1117.23,0
1117.43,0
1117.63,0
1117.83,0
1118.03,0
1118.23,0
1118.43,0
1118.63,0
1118.83,0
1119.03,0
1119.23,0
1119.43,0
1119.63,0
1119.83,0
1120.03,0
1120.23,0
1120.43,0
1120.63,0
1120.83,0
1121.03,0
1121.23,0
1121.43,0
1121.63,0
1121.83,0
1122.03,0
1122.23,0
1122.43,0
1122.63,0
1122.83,0
1123.03,0
1123.23,0
1123.43,0
1123.63,0
1123.83,0
1124.03,0
1124.23,0
1124.43,0
1124.63,0
1124.83,0
1125.03,0
1125.23,0
1125.43,0
1125.63,0
1125.83,0
1126.03,0
1126.23,0
1126.43,0
1126.63,0
1126.83,0
1127.03,0
1127.23,0
1127.43,0
1127.63,0
1127.83,0
1128.03,0
1128.23,0
1128.43,0
1128.63,0
1128.83,0
1129.03,0
1129.23,0
1129.43,0
1129.63,0
1129.83,0
1130.03,0
1130.23,0
1130.43,0
1130.63,0
1130.83,0
1131.03,0
1131.23,0
1131.43,0
1131.63,0
1131.83,0
1132.03,0
1132.23,0
1132.43,0
1132.63,0
1132.83,0
1133.03,0
1133.23,0
1133.43,0
1133.63,0
1133.83,0
1134.03,0
1134.23,0
1134.43,0
1134.63,0
1134.83,0
1135.03,0
1135.23,0
1135.43,0
1135.63,0
1135.83,0
1136.03,0
1136.23,0
1136.43,0
1136.63,0
1136.83,0
1137.03,0
1137.23,0
1137.43,0
1137.63,0
1137.83,0
1138.03,0
1138.23,0
1138.43,0
1138.63,0
1138.83,0
1139.03,0
1139.23,0
1139.43,0
1139.63,0
1139.83,0
1140.03,0
1140.23,0
1140.43,0
1140.63,0
1140.83,0
1141.03,0
1141.23,0
1141.43,0
1141.63,0
1141.83,0
1142.03,0
1142.23,0
1142.43,0
1142.63,0
1142.83,0
1143.03,0
1143.23,0
1143.43,0
1143.63,0
1143.83,0
1144.03,0
1144.23,0
1144.43,0
1144.63,0
1144.83,0
1145.03,0
1145.23,0
1145.43,0
1145.63,0
1145.83,0
1146.03,0
1146.23,0
1146.43,0
1146.63,0
1146.83,0
1147.03,0
1147.23,0
1147.43,0
1147.63,0
1147.83,0
1148.03,0
1148.23,0
1148.43,0
1148.63,0
1148.83,0
1149.03,0
1149.23,0
1149.43,0
1149.63,0
1149.83,0
1150.03,0
1150.23,0
1150.43,0
1150.63,0
1150.83,0
1151.03,0
1151.23,0
1151.43,0
1151.63,0
1151.83,0
1152.03,0
1152.23,0
1152.43,0
1152.63,0
1152.84,0
1153.04,0
1153.24,0
1153.44,0
1153.64,0
1153.84,0
1154.04,0
1154.24,0
1154.44,0
1154.64,0
1154.84,0
1155.04,0
1155.24,0
1155.44,0
1155.64,0
1155.84,0
1156.04,0
1156.24,0
1156.44,0
1156.64,0
1156.84,0
1157.04,0
1157.24,0
1157.44,0
1157.64,0
1157.84,0
1158.04,0
1158.24,0
1158.44,0
1158.64,0
1158.84,0
1159.04,0
1159.24,0
1159.44,0
1159.64,0
1159.84,0
1160.04,0
1160.24,0
1160.44,0
1160.64,0
1160.84,0
1161.04,0
1161.24,0
1161.44,0
1161.64,0
1161.84,0
1162.04,0
1162.24,0
1162.44,0
1162.64,0
1162.84,0
1163.04,0
1163.24,0
1163.44,0
1163.64,0
1163.84,0
1164.04,0
1164.24,0
1164.44,0
1164.64,0
1164.84,0
1165.04,0
1165.24,0
1165.44,0
1165.64,0
1165.84,0
1166.04,0
1166.24,0
1166.44,0
1166.64,0
1166.84,0
1167.04,0
1167.24,7.65696
1167.44,0
1167.64,0
1167.84,0
1168.04,0
1168.24,0
1168.44,0
1168.64,0
1168.84,0
1169.04,0
1169.24,0
1169.44,0
1169.64,0
1169.84,0
1170.04,0
1170.24,0
1170.44,0
1170.64,0
1170.84,0
1171.04,0
1171.24,0
1171.44,0
1171.64,0
1171.84,0
1172.04,0
1172.24,0
1172.44,0
1172.64,0
1172.84,0
1173.04,0
1173.24,0
1173.44,0
1173.64,0
1173.84,0
1174.04,0
1174.24,0
1174.44,0
1174.64,0
1174.84,0
1175.04,0
1175.24,0
1175.44,0
1175.64,0
1175.84,0
1176.04,0
1176.24,0
1176.44,0
1176.64,0
1176.84,0
1177.04,0
1177.24,0
1177.44,0
1177.64,0
1177.84,0
1178.04,0
1178.24,0
1178.44,0
1178.64,0
1178.84,0
1179.04,0
1179.24,0
1179.44,0
1179.64,0
1179.84,0
1180.04,0
1180.24,0
1180.44,0
1180.64,0
1180.84,0
1181.04,0
1181.24,0
1181.44,0
1181.64,0
1181.84,0
1182.04,0
1182.24,0
1182.44,0
1182.64,0
1182.84,0
1183.04,0
1183.24,0
1183.44,0
1183.64,0
1183.84,0
1184.04,0
1184.24,0
1184.44,0
1184.64,0
1184.84,0
1185.04,0
1185.24,0
1185.44,0
1185.64,0
1185.84,0
1186.04,0
1186.24,0
1186.44,0
1186.64,0
1186.84,0
1187.04,0
1187.24,0
1187.44,0
1187.64,0
1187.84,0
1188.04,0
1188.24,0
1188.44,0
1188.64,0
1188.84,0
1189.04,0
1189.24,0
1189.44,0
1189.64,0
1189.84,0
1190.04,0
1190.24,0
1190.44,0
1190.64,0
1190.84,0
1191.04,0
1191.24,0
1191.44,0
1191.64,0
1191.84,0
1192.04,0
1192.24,0
1192.44,0
1192.64,0
1192.84,0
1193.04,0
1193.25,0
1193.45,0
1193.65,0
1193.85,0
1194.05,0
1194.25,0
1194.45,0
1194.65,0
1194.85,0
1195.05,0
1195.25,0
1195.45,0
1195.65,0
1195.85,0
1196.05,0
1196.25,0
1196.45,0
1196.65,0
1196.85,0
1197.05,0
1197.25,0
1197.45,0
1197.65,0
1197.85,0
1198.05,0
1198.25,0
1198.45,0
1198.65,0
1198.85,0
1199.05,0
1199.25,0
1199.45,0
1199.65,0
1199.85,0
1200.05,0
1200.25,0
1200.45,0
1200.65,0
1200.85,0
1201.05,0
1201.25,0
1201.45,0
1201.65,0
1201.85,0
1202.05,0
1202.25,0
1202.45,0
1202.65,0
1202.85,0
1203.05,0
1203.25,0
1203.45,0
1203.65,0
1203.85,0
1204.05,0
1204.25,0
1204.45,0
1204.65,0
1204.85,0
1205.05,0
1205.25,0
1205.45,0
1205.65,0
1205.85,0
1206.05,0
1206.25,0
1206.45,0
1206.65,0
1206.85,0
1207.05,0
1207.25,0
1207.45,0
1207.65,0
1207.85,0
1208.05,0
1208.25,0
1208.45,0
1208.65,0
1208.85,0
1209.05,0
1209.25,0
1209.45,0
1209.65,0
1209.85,0
1210.05,0
1210.25,0
1210.45,0
1210.65,0
1210.85,0
1211.05,0
1211.25,0
1211.45,0
1211.65,0
1211.85,0
1212.05,0
1212.25,0
1212.45,0
1212.65,0
1212.85,0
1213.05,0
1213.25,0
1213.45,0
1213.65,0
1213.85,0
1214.05,0
1214.25,0
1214.45,0
1214.65,0
1214.85,0
1215.05,0
1215.25,0
1215.45,0
1215.65,0
1215.85,0
1216.05,0
1216.25,0
1216.45,0
1216.65,0
1216.85,0
1217.05,0
1217.25,0
1217.45,0
1217.65,0
1217.85,0
1218.05,0
1218.25,0
1218.45,0
1218.65,0
1218.85,0
1219.05,0
1219.25,0
1219.45,0
1219.65,0
1219.85,0
1220.05,0
1220.25,0
1220.45,0
1220.65,0
1220.85,0
1221.05,0
1221.25,0
1221.45,0
1221.65,0
1221.85,0
1222.05,0
1222.25,0
1222.45,0
1222.65,0
1222.85,0
1223.05,0
1223.25,0
1223.45,0
1223.65,0
1223.85,0
1224.05,0
1224.25,0
1224.45,0
1224.65,0
1224.85,0
1225.05,0
1225.25,0
1225.45,0
1225.65,0
1225.85,0
1226.05,0
1226.25,0
1226.45,0
1226.65,0
1226.85,0
1227.05,0
1227.25,0
1227.45,0
1227.65,0
1227.85,0
1228.05,0
1228.25,0
1228.45,0
1228.65,0
1228.85,0
1229.05,0
1229.25,0
1229.45,0
1229.65,0
1229.85,0
1230.05,0
1230.25,0
1230.45,0
1230.65,0
1230.85,0
1231.05,0
1231.25,0
1231.45,0
1231.65,0
1231.85,0
1232.05,0
1232.25,0
1232.45,0
1232.65,0
1232.85,0
1233.05,0
1233.25,0
1233.45,0
1233.66,0
1233.86,0
1234.06,0
1234.26,0
1234.46,0
1234.66,0
1234.86,0
1235.06,0
1235.26,0
1235.46,0
1235.66,0
1235.86,0
1236.06,0
1236.26,0
1236.46,0
1236.66,0
1236.86,0
1237.06,0
1237.26,0
1237.46,0
1237.66,0
1237.86,0
1238.06,0
1238.26,0
1238.46,0
1238.66,0
1238.86,0
1239.06,0
1239.26,0
1239.46,0
1239.66,0
1239.86,0
1240.06,0
1240.26,0
1240.46,0
1240.66,0
1240.86,0
1241.06,0
1241.26,0
1241.46,0
1241.66,0
1241.86,0
1242.06,0
1242.26,0
1242.46,0
1242.66,0
1242.86,0
1243.06,0
1243.26,0
1243.46,0
1243.66,0
1243.86,0
1244.06,0
1244.26,0
1244.46,0
1244.66,0
1244.86,0
1245.06,0
1245.26,0
1245.46,0
1245.66,0
1245.86,0
1246.06,0
1246.26,0
1246.46,0
1246.66,0
1246.86,0
1247.06,0
1247.26,0
1247.46,0
1247.66,0
1247.86,0
1248.06,0
1248.26,0
1248.46,0
1248.66,0
1248.86,0
1249.06,0
1249.26,0
1249.46,0
1249.66,0
1249.86,0
1250.06,0
1250.26,0
1250.46,0
1250.66,0
1250.86,0
1251.06,0
1251.26,0
1251.46,0
1251.66,0
1251.86,0
1252.06,0
1252.26,0
1252.46,0
1252.66,0
1252.86,0
1253.06,0
1253.26,0
1253.46,0
1253.66,0
1253.86,0
1254.06,0
1254.26,0
1254.46,0
1254.66,0
1254.86,0
1255.06,0
1255.26,0
1255.46,0
1255.66,0
1255.86,0
1256.06,0
1256.26,0
1256.46,0
1256.66,0
1256.86,0
1257.06,0
1257.26,0
1257.46,0
1257.66,0
1257.86,0
1258.06,0
1258.26,0
1258.46,0
1258.66,0
1258.86,0
1259.06,0
1259.26,0
1259.46,0
1259.66,0
1259.86,0
1260.06,0
1260.26,0
1260.46,0
1260.66,0
1260.86,0
1261.06,0
1261.26,0
1261.46,0
1261.66,0
1261.86,0
1262.06,0
1262.26,0
1262.46,0
1262.66,0
1262.86,0
1263.06,0
1263.26,0
1263.46,0
1263.66,0
1263.86,0
1264.06,0
1264.26,0
1264.46,0
1264.66,0
1264.86,0
1265.06,0
1265.26,0
1265.46,0
1265.66,0
1265.86,0
1266.06,0
1266.26,0
1266.46,0
1266.66,0
1266.86,0
1267.06,0
1267.26,0
1267.46,0
1267.66,0
1267.86,0
1268.06,0
1268.26,0
1268.46,0
1268.66,0
1268.86,0
1269.06,0
1269.26,0
1269.46,0
1269.66,0
1269.86,0
1270.06,0
1270.26,0
1270.46,0
1270.66,0
1270.86,0
1271.06,0
1271.26,0
1271.46,0
1271.66,0
1271.86,0
1272.06,0
1272.26,0
1272.46,0
1272.66,0
1272.86,0
1273.06,0
1273.26,0
1273.46,0
1273.66,0
1273.86,0
1274.07,0
1274.27,0
1274.47,0
1274.67,0
1274.87,0
1275.07,0
1275.27,0
1275.47,0
1275.67,0
1275.87,0
1276.07,0
1276.27,0
1276.47,0
1276.67,0
1276.87,0
1277.07,0
1277.27,0
1277.47,0
1277.67,0
1277.87,0
1278.07,0
1278.27,0
1278.47,0
1278.67,0
1278.87,0
1279.07,0
1279.27,0
1279.47,0
1279.67,0
1279.87,0
1280.07,0
1280.27,0
1280.47,0
1280.67,0
1280.87,0
1281.07,0
1281.27,0
1281.47,0
1281.67,0
1281.87,0
1282.07,0
1282.27,0
1282.47,0
1282.67,0
1282.87,0
1283.07,0
1283.27,0
1283.47,0
1283.67,0
1283.87,0
1284.07,0
1284.27,0
1284.47,0
1284.67,0
1284.87,0
1285.07,0
1285.27,0
1285.47,0
1285.67,0
1285.87,0
1286.07,0
1286.27,0
1286.47,0
1286.67,0
1286.87,0
1287.07,0
1287.27,0
1287.47,0
1287.67,0
1287.87,0
1288.07,0
1288.27,0
1288.47,0
1288.67,0
1288.87,0
1289.07,0
1289.27,0
1289.47,0
1289.67,0
1289.87,0
1290.07,0
1290.27,0
1290.47,0
1290.67,0
1290.87,0
1291.07,0
1291.27,0
1291.47,0
1291.67,0
1291.87,0
1292.07,0
1292.27,0
1292.47,0
1292.67,0
1292.87,0
1293.07,0
1293.27,0
1293.47,0
1293.67,0
1293.87,0
1294.07,0
1294.27,0
1294.47,0
1294.67,0
1294.87,0
1295.07,0
1295.27,0
1295.47,0
1295.67,0
1295.87,0
1296.07,0
1296.27,0
1296.47,0
1296.67,0
1296.87,0
1297.07,0
1297.27,0
1297.47,0
1297.67,0
1297.87,0
1298.07,0
1298.27,0
1298.47,0
1298.67,0
1298.87,0
1299.07,0
1299.27,0
1299.47,0
1299.67,0
1299.87,8.48722
1300.07,0
1300.27,0
1300.47,0
1300.67,0
1300.87,0
1301.07,0
1301.27,0
1301.47,0
1301.67,0
1301.87,0
1302.07,0
1302.27,0
1302.47,0
1302.67,0
1302.87,0
1303.07,0
1303.27,0
1303.47,0
1303.67,0
1303.87,0
1304.07,0
1304.27,0
1304.47,0
1304.67,0
1304.87,0
1305.07,0
1305.27,0
1305.47,0
1305.67,0
1305.87,0
1306.07,0
1306.27,0
1306.47,0
1306.67,0
1306.87,0
1307.07,0
1307.27,0
1307.47,0
1307.67,0
1307.87,0
1308.07,0
1308.27,0
1308.47,0
1308.67,0
1308.87,0
1309.07,0
1309.27,0
1309.47,0
1309.67,0
1309.87,0
1310.07,0
1310.27,0
1310.47,0
1310.67,0
1310.87,0
1311.07,0
1311.27,0
1311.47,0
1311.67,0
1311.87,0
1312.07,0
1312.27,0
1312.47,0
1312.67,0
1312.87,0
1313.07,0
1313.27,0
1313.47,0
1313.67,0
1313.87,0
1314.07,0
1314.27,0
1314.48,0
1314.68,0
1314.88,0
1315.08,0
1315.28,0
1315.48,0
1315.68,0
1315.88,0
1316.08,0
1316.28,0
1316.48,0
1316.68,0
1316.88,0
1317.08,0
1317.28,0
1317.48,0
1317.68,0
1317.88,0
1318.08,0
1318.28,4.54157
1318.48,0
1318.68,0
1318.88,0
1319.08,0
1319.28,0
1319.48,0
1319.68,0
1319.88,0
1320.08,0
1320.28,0
1320.48,0
1320.68,0
1320.88,0
1321.08,0
1321.28,0
1321.48,0
1321.68,0
1321.88,0
1322.08,0
1322.28,0
1322.48,0
1322.68,0
1322.88,0
1323.08,0
1323.28,0
1323.48,0
1323.68,0
1323.88,0
1324.08,0
1324.28,0
1324.48,0
1324.68,0
1324.88,0
1325.08,0
1325.28,0
1325.48,0
1325.68,0
1325.88,0
1326.08,0
1326.28,0
1326.48,0
1326.68,0
1326.88,0
1327.08,0
1327.28,0
1327.48,0
1327.68,0
1327.88,0
1328.08,0
1328.28,0
1328.48,0
1328.68,0
1328.88,0
1329.08,0
1329.28,0
1329.48,0
1329.68,0
1329.88,0
1330.08,0
1330.28,0
1330.48,0
1330.68,0
1330.88,0
1331.08,0
1331.28,0
1331.48,0
1331.68,0
1331.88,0
1332.08,0
1332.28,0
1332.48,0
1332.68,0
1332.88,0
1333.08,0
1333.28,0
1333.48,0
1333.68,0
1333.88,0
1334.08,0
1334.28,0
1334.48,0
1334.68,0
1334.88,0
1335.08,0
1335.28,0
1335.48,0
1335.68,0
1335.88,0
1336.08,0
1336.28,0
1336.48,0
1336.68,0
1336.88,0
1337.08,0
1337.28,0
1337.48,0
1337.68,0
1337.88,0
1338.08,0
1338.28,0
1338.48,0
1338.68,0
1338.88,0
1339.08,0
1339.28,0
1339.48,0
1339.68,0
1339.88,0
1340.08,0
1340.28,0
1340.48,0
1340.68,0
1340.88,0
1341.08,0
1341.28,0
1341.48,0
1341.68,0
1341.88,0
1342.08,0
1342.28,0
1342.48,0
1342.68,0
1342.88,0
1343.08,0
1343.28,0
1343.48,0
1343.68,0
1343.88,0
1344.08,0
1344.28,0
1344.48,0
1344.68,0
1344.88,0
1345.08,0
1345.28,0
1345.48,0
1345.68,0
1345.88,0
1346.08,0
1346.28,0
1346.48,0
1346.68,0
1346.88,0
1347.08,0
1347.28,0
1347.48,0
1347.68,0
1347.88,0
1348.08,0
1348.28,0
1348.48,0
1348.68,0
1348.88,0
1349.08,0
1349.28,0
1349.48,0
1349.68,0
1349.88,0
1350.08,0
1350.28,0
1350.48,0
1350.68,0
1350.88,0
1351.08,0
1351.28,0
1351.48,0
1351.68,0
1351.88,0
1352.08,0
1352.28,0
1352.48,0
1352.68,0
1352.88,0
1353.08,0
1353.28,0
1353.48,0
1353.68,0
1353.88,0
1354.08,0
1354.28,0
1354.48,0
1354.68,0
1354.89,0
1355.09,0
1355.29,0
1355.49,0
1355.69,0
1355.89,0
1356.09,0
1356.29,0
1356.49,0
1356.69,0
1356.89,0
1357.09,0
1357.29,0
1357.49,0
1357.69,0
1357.89,0
1358.09,0
1358.29,0
1358.49,0
1358.69,0
1358.89,0
1359.09,0
1359.29,0
1359.49,0
1359.69,0
1359.89,0
1360.09,0
1360.29,0
1360.49,0
1360.69,0
1360.89,0
1361.09,0
1361.29,0
1361.49,0
1361.69,0
1361.89,0
1362.09,0
1362.29,0
1362.49,0
1362.69,0
1362.89,0
1363.09,0
1363.29,0
1363.49,0
1363.69,0
1363.89,0
1364.09,0
1364.29,0
1364.49,0
1364.69,0
1364.89,0
1365.09,0
1365.29,0
1365.49,0
1365.69,0
1365.89,0
1366.09,0
1366.29,0
1366.49,0
1366.69,0
1366.89,0
1367.09,0
1367.29,0
1367.49,0
1367.69,0
1367.89,0
1368.09,0
1368.29,0
1368.49,0
1368.69,0
1368.89,0
1369.09,0
1369.29,0
1369.49,0
1369.69,0
1369.89,0
1370.09,0
1370.29,0
1370.49,0
1370.69,0
1370.89,0
1371.09,0
1371.29,0
1371.49,0
1371.69,0
1371.89,0
1372.09,0
1372.29,0
1372.49,0
1372.69,0
1372.89,0
1373.09,0
1373.29,0
1373.49,0
1373.69,0
1373.89,0
1374.09,0
1374.29,0
1374.49,0
1374.69,0
1374.89,0
1375.09,0
1375.29,0
1375.49,0
1375.69,0
1375.89,0
1376.09,0
1376.29,0
1376.49,0
1376.69,0
1376.89,0
1377.09,0
1377.29,0
1377.49,0
1377.69,0
1377.89,0
1378.09,0
1378.29,0
1378.49,0
1378.69,0
1378.89,0
1379.09,0
1379.29,0
1379.49,0
1379.69,0
1379.89,0
1380.09,0
1380.29,0
1380.49,0
1380.69,0
1380.89,0
1381.09,0
1381.29,0
1381.49,0
1381.69,0
1381.89,0
1382.09,0
1382.29,0
1382.49,0
1382.69,0
1382.89,0
1383.09,0
1383.29,0
1383.49,0
1383.69,0
1383.89,0
1384.09,0
1384.29,0
1384.49,0
1384.69,0
1384.89,0
1385.09,0
1385.29,0
1385.49,0
1385.69,0
1385.89,0
1386.09,0
1386.29,0
1386.49,0
1386.69,0
1386.89,0
1387.09,0
1387.29,0
1387.49,0
1387.69,0
1387.89,0
1388.09,0
1388.29,0
1388.49,0
1388.69,0
1388.89,0
1389.09,0
1389.29,0
1389.49,0
1389.69,0
1389.89,0
1390.09,0
1390.29,0
1390.49,0
1390.69,0
1390.89,0
1391.09,0
1391.29,0
1391.49,0
1391.69,0
1391.89,0
1392.09,0
1392.29,0
1392.49,0
1392.69,0
1392.89,0
1393.09,0
1393.29,0
1393.49,0
1393.69,0
1393.89,0
1394.09,0
1394.29,0
1394.49,0
1394.69,0
1394.89,0
1395.09,0
1395.3,0
1395.5,0
1395.7,0
1395.9,0
1396.1,0
1396.3,0
1396.5,0
1396.7,0
1396.9,0
1397.1,0
1397.3,0
1397.5,0
1397.7,5.80711
1397.9,0
1398.1,0
1398.3,0
1398.5,0
1398.7,0
1398.9,0
1399.1,0
1399.3,0
1399.5,0
1399.7,0
1399.9,0
1400.1,0
1400.3,0
1400.5,0
1400.7,0
1400.9,0
1401.1,0
1401.3,0
1401.5,0
1401.7,0
1401.9,0
1402.1,0
1402.3,0
1402.5,0
1402.7,0
1402.9,0
1403.1,0
1403.3,0
1403.5,0
1403.7,0
1403.9,0
1404.1,0
1404.3,0
1404.5,0
1404.7,0
1404.9,0
1405.1,0
1405.3,0
1405.5,0
1405.7,0
1405.9,0
1406.1,0
1406.3,0
1406.5,0
1406.7,0
1406.9,0
1407.1,0
1407.3,0
1407.5,0
1407.7,0
1407.9,0
1408.1,0
1408.3,0
1408.5,0
1408.7,0
1408.9,0
1409.1,0
1409.3,0
1409.5,0
1409.7,0
1409.9,0
1410.1,0
1410.3,0
1410.5,0
1410.7,0
1410.9,0
1411.1,0
1411.3,0
1411.5,0
1411.7,0
1411.9,0
1412.1,0
1412.3,0
1412.5,0
1412.7,0
1412.9,0
1413.1,0
1413.3,0
1413.5,0
1413.7,0
1413.9,0
1414.1,0
1414.3,0
1414.5,0
1414.7,0
1414.9,0
1415.1,0
1415.3,0
1415.5,0
1415.7,0
1415.9,0
1416.1,0
1416.3,0
1416.5,0
1416.7,0
1416.9,0
1417.1,0
1417.3,0
1417.5,0
1417.7,0
1417.9,0
1418.1,0
1418.3,0
1418.5,0
1418.7,0
1418.9,0
1419.1,0
1419.3,0
1419.5,0
1419.7,0
1419.9,0
1420.1,0
1420.3,0
1420.5,0
1420.7,0
1420.9,0
1421.1,0
1421.3,0
1421.5,0
1421.7,0
1421.9,0
1422.1,0
1422.3,0
1422.5,0
1422.7,0
1422.9,0
1423.1,0
1423.3,0
1423.5,0
1423.7,0
1423.9,0
1424.1,0
1424.3,0
1424.5,0
1424.7,0
1424.9,0
1425.1,0
1425.3,0
1425.5,0
1425.7,0
1425.9,0
1426.1,0
1426.3,0
1426.5,0
1426.7,0
1426.9,0
1427.1,0
1427.3,0
1427.5,0
1427.7,0
1427.9,0
1428.1,0
1428.3,0
1428.5,0
1428.7,0
1428.9,0
1429.1,0
1429.3,0
1429.5,0
1429.7,0
1429.9,0
1430.1,0
1430.3,0
1430.5,0
1430.7,0
1430.9,0
1431.1,0
1431.3,0
1431.5,0
1431.7,0
1431.9,0
1432.1,0
1432.3,0
1432.5,0
1432.7,0
1432.9,0
1433.1,0
1433.3,0
1433.5,0
1433.7,0
1433.9,0
1434.1,0
1434.3,0
1434.5,0
1434.7,0
1434.9,0
1435.1,0
1435.3,0
1435.5,0
1435.71,0
1435.91,0
1436.11,0
1436.31,0
1436.51,0
1436.71,0
1436.91,0
1437.11,0
1437.31,0
1437.51,0
1437.71,0
1437.91,0
1438.11,0
1438.31,0
1438.51,0
1438.71,0
1438.91,0
1439.11,0
1439.31,0
1439.51,0
1439.71,0
1439.91,0
1440.11,0
1440.31,0
1440.51,0
1440.71,0
1440.91,0
1441.11,0
1441.31,0
1441.51,0
1441.71,0
1441.91,0
1442.11,0
1442.31,0
1442.51,0
1442.71,0
1442.91,0
1443.11,0
1443.31,0
1443.51,0
1443.71,0
1443.91,0
1444.11,0
1444.31,0
1444.51,0
1444.71,0
1444.91,0
1445.11,0
1445.31,0
1445.51,0
1445.71,0
1445.91,0
1446.11,0
1446.31,0
1446.51,0
1446.71,0
1446.91,0
1447.11,0
1447.31,0
1447.51,0
1447.71,0
1447.91,0
1448.11,0
1448.31,0
1448.51,0
1448.71,0
1448.91,0
1449.11,0
1449.31,0
1449.51,0
1449.71,0
1449.91,0
1450.11,0
1450.31,0
1450.51,0
1450.71,0
1450.91,0
1451.11,0
1451.31,0
1451.51,0
1451.71,0
1451.91,0
1452.11,0
1452.31,0
1452.51,0
1452.71,0
1452.91,0
1453.11,0
1453.31,0
1453.51,0
1453.71,0
1453.91,0
1454.11,0
1454.31,0
1454.51,0
1454.71,0
1454.91,0
1455.11,0
1455.31,0
1455.51,0
1455.71,0
1455.91,0
1456.11,0
1456.31,0
1456.51,0
1456.71,0
1456.91,0
1457.11,0
1457.31,0
1457.51,0
1457.71,0
1457.91,0
1458.11,0
1458.31,0
1458.51,0
1458.71,0
1458.91,0
1459.11,0
1459.31,0
1459.51,0
1459.71,0
1459.91,0
1460.11,0
1460.31,0
1460.51,0
1460.71,0
1460.91,0
1461.11,0
1461.31,0
1461.51,0
1461.71,0
1461.91,0
1462.11,0
1462.31,0
1462.51,0
1462.71,0
1462.91,0
1463.11,0
1463.31,0
1463.51,0
1463.71,0
1463.91,0
1464.11,0
1464.31,0
1464.51,0
1464.71,0
1464.91,0
1465.11,0
1465.31,0
1465.51,0
1465.71,0
1465.91,0
1466.11,0
1466.31,0
1466.51,0
1466.71,0
1466.91,0
1467.11,0
1467.31,0
1467.51,0
1467.71,0
1467.91,0
1468.11,0
1468.31,0
1468.51,0
1468.71,0
1468.91,0
1469.11,0
1469.31,0
1469.51,0
1469.71,0
1469.91,0
1470.11,0
1470.31,0
1470.51,0
1470.71,0
1470.91,0
1471.11,0
1471.31,0
1471.51,0
1471.71,0
1471.91,0
1472.11,0
1472.31,0
1472.51,0
1472.71,0
1472.91,0
1473.11,0
1473.31,0
1473.51,0
1473.71,0
1473.91,0
1474.11,0
1474.31,0
1474.51,0
1474.71,0
1474.91,0
1475.11,0
1475.31,0
1475.51,0
1475.71,0
1475.91,0
1476.12,0
1476.32,0
1476.52,0
1476.72,0
1476.92,0
1477.12,0
1477.32,0
1477.52,0
1477.72,0
1477.92,0
1478.12,0
1478.32,0
1478.52,0
1478.72,0
1478.92,0
1479.12,0
1479.32,0
1479.52,0
1479.72,0
1479.92,0
1480.12,0
1480.32,0
1480.52,0
1480.72,0
1480.92,0
1481.12,0
1481.32,0
1481.52,0
1481.72,0
1481.92,0
1482.12,0
1482.32,0
1482.52,0
1482.72,0
1482.92,0
1483.12,0
1483.32,0
1483.52,0
1483.72,0
1483.92,0
1484.12,0
1484.32,0
1484.52,0
1484.72,0
1484.92,0
1485.12,0
1485.32,0
1485.52,0
1485.72,0
1485.92,0
1486.12,0
1486.32,0
1486.52,0
1486.72,0
1486.92,0
1487.12,0
1487.32,0
1487.52,0
1487.72,0
1487.92,0
1488.12,0
1488.32,0
1488.52,0
1488.72,0
1488.92,0
1489.12,0
1489.32,0
1489.52,0
1489.72,0
1489.92,0
1490.12,0
1490.32,0
1490.52,0
1490.72,0
1490.92,0
1491.12,0
1491.32,0
1491.52,0
1491.72,0
1491.92,0
1492.12,0
1492.32,0
1492.52,0
1492.72,0
1492.92,0
1493.12,0
1493.32,0
1493.52,0
1493.72,0
1493.92,0
1494.12,0
1494.32,0
1494.52,0
1494.72,0
1494.92,0
1495.12,0
1495.32,0
1495.52,0
1495.72,0
1495.92,0
1496.12,0
1496.32,0
1496.52,0
1496.72,0
1496.92,0
1497.12,0
1497.32,0
1497.52,0
1497.72,0
1497.92,0
1498.12,0
1498.32,0
1498.52,0
1498.72,0
1498.92,0
1499.12,0
1499.32,0
1499.52,0
1499.72,0
1499.92,0
1500.12,0
1500.32,0
1500.52,0
1500.72,0
1500.92,0
1501.12,0
1501.32,0
1501.52,0
1501.72,0
1501.92,0
1502.12,0
1502.32,0
1502.52,0
1502.72,0
1502.92,0
1503.12,0
1503.32,0
1503.52,0
1503.72,0
1503.92,0
1504.12,0
1504.32,0
1504.52,0
1504.72,0
1504.92,0
1505.12,0
1505.32,0
1505.52,0
1505.72,0
1505.92,0
1506.12,0
1506.32,0
1506.52,0
1506.72,0
1506.92,0
1507.12,0
1507.32,0
1507.52,0
1507.72,0
1507.92,0
1508.12,0
1508.32,0
1508.52,0
1508.72,0
1508.92,0
1509.12,0
1509.32,0
1509.52,0
1509.72,0
1509.92,0
1510.12,0
1510.32,0
1510.52,0
1510.72,0
1510.92,0
1511.12,0
1511.32,0
1511.52,0
1511.72,0
1511.92,0
1512.12,0
1512.32,0
1512.52,0
1512.72,0
1512.92,0
1513.12,0
1513.32,0
1513.52,0
1513.72,0
1513.92,0
1514.12,0
1514.32,0
1514.52,0
1514.72,0
1514.92,0
1515.12,0
1515.32,0
1515.52,0
1515.72,0
1515.92,0
1516.12,0
1516.32,0
1516.53,0
1516.73,0
1516.93,0
1517.13,0
1517.33,0
1517.53,0
1517.73,0
1517.93,0
1518.13,0
1518.33,0
1518.53,0
1518.73,0
1518.93,0
1519.13,0
1519.33,0
1519.53,0
1519.73,0
1519.93,0
1520.13,0
1520.33,0
1520.53,0
1520.73,0
1520.93,0
1521.13,0
1521.33,0
1521.53,0
1521.73,0
1521.93,0
1522.13,0
1522.33,0
1522.53,0
1522.73,0
1522.93,0
1523.13,0
1523.33,0
1523.53,0
1523.73,0
1523.93,0
1524.13,0
1524.33,0
1524.53,0
1524.73,0
1524.93,0
1525.13,0
1525.33,0
1525.53,0
1525.73,0
1525.93,0
1526.13,0
1526.33,0
1526.53,0
1526.73,0
1526.93,0
1527.13,0
1527.33,0
1527.53,0
1527.73,0
1527.93,0
1528.13,0
1528.33,0
1528.53,0
1528.73,0
1528.93,0
1529.13,0
1529.33,0
1529.53,0
1529.73,0
1529.93,0
1530.13,0
1530.33,0
1530.53,0
1530.73,0
1530.93,0
1531.13,0
1531.33,0
1531.53,0
1531.73,0
1531.93,0
1532.13,0
1532.33,0
1532.53,0
1532.73,0
1532.93,0
1533.13,0
1533.33,0
1533.53,0
1533.73,0
1533.93,0
1534.13,0
1534.33,0
1534.53,0
1534.73,0
1534.93,0
1535.13,0
1535.33,0
1535.53,0
1535.73,0
1535.93,0
1536.13,0
1536.33,0
1536.53,0
1536.73,0
1536.93,0
1537.13,0
1537.33,0
1537.53,0
1537.73,0
1537.93,0
1538.13,0
1538.33,0
1538.53,0
1538.73,0
1538.93,0
1539.13,0
1539.33,0
1539.53,0
1539.73,0
1539.93,0
1540.13,0
1540.33,0
1540.53,0
1540.73,0
1540.93,0
1541.13,0
1541.33,0
1541.53,0
1541.73,0
1541.93,0
1542.13,0
1542.33,0
1542.53,0
1542.73,0
1542.93,0
1543.13,0
1543.33,0
1543.53,0
1543.73,0
1543.93,0
1544.13,0
1544.33,0
1544.53,0
1544.73,0
1544.93,0
1545.13,0
1545.33,0
1545.53,0
1545.73,0
1545.93,0
1546.13,0
1546.33,0
1546.53,0
1546.73,0
1546.93,0
1547.13,0
1547.33,0
1547.53,0
1547.73,0
1547.93,0
1548.13,0
1548.33,0
1548.53,0
1548.73,0
1548.93,0
1549.13,0
1549.33,0
1549.53,0
1549.73,0
1549.93,0
1550.13,0
1550.33,0
1550.53,0
1550.73,0
1550.93,0
1551.13,0
1551.33,0
1551.53,0
1551.73,0
1551.93,0
1552.13,0
1552.33,0
1552.53,0
1552.73,0
1552.93,0
1553.13,0
1553.33,0
1553.53,0
1553.73,0
1553.93,0
1554.13,0
1554.33,0
1554.53,0
1554.73,0
1554.93,0
1555.13,0
1555.33,0
1555.53,0
1555.73,0
1555.93,0
1556.13,0
1556.33,0
1556.53,0
1556.73,0
1556.94,0
1557.14,0
1557.34,0
1557.54,0
1557.74,0
1557.94,0
1558.14,0
1558.34,0
1558.54,0
1558.74,0
1558.94,0
1559.14,0
1559.34,0
1559.54,0
1559.74,0
1559.94,0
1560.14,0
1560.34,0
1560.54,0
1560.74,0
1560.94,0
1561.14,0
1561.34,0
1561.54,0
1561.74,0
1561.94,0
1562.14,0
1562.34,0
1562.54,0
1562.74,0
1562.94,0
1563.14,10.7079
1563.34,0
1563.54,0
1563.74,0
1563.94,0
1564.14,0
1564.34,0
1564.54,0
1564.74,0
1564.94,0
1565.14,0
1565.34,0
1565.54,0
1565.74,0
1565.94,0
1566.14,0
1566.34,0
1566.54,0
1566.74,0
1566.94,0
1567.14,0
1567.34,0
1567.54,0
1567.74,0
1567.94,0
1568.14,0
1568.34,0
1568.54,0
1568.74,0
1568.94,0
1569.14,0
1569.34,0
1569.54,0
1569.74,0
1569.94,0
1570.14,0
1570.34,0
1570.54,0
1570.74,0
1570.94,0
1571.14,0
1571.34,0
1571.54,0
1571.74,0
1571.94,0
1572.14,0
1572.34,0
1572.54,0
1572.74,0
1572.94,0
1573.14,0
1573.34,0
1573.54,0
1573.74,0
1573.94,0
1574.14,0
1574.34,0
1574.54,0
1574.74,0
1574.94,0
1575.14,0
1575.34,0
1575.54,0
1575.74,0
1575.94,0
1576.14,0
1576.34,0
1576.54,0
1576.74,0
1576.94,0
1577.14,0
1577.34,0
1577.54,0
1577.74,0
1577.94,0
1578.14,0
1578.34,0
1578.54,0
1578.74,0
1578.94,0
1579.14,0
1579.34,0
1579.54,0
1579.74,0
1579.94,4.70427
1580.14,0
1580.34,0
1580.54,0
1580.74,0
1580.94,0
1581.14,0
1581.34,0
1581.54,0
1581.74,0
1581.94,0
1582.14,0
1582.34,0
1582.54,0
1582.74,0
1582.94,0
1583.14,0
1583.34,0
1583.54,0
1583.74,0
1583.94,0
1584.14,0
1584.34,0
1584.54,0
1584.74,0
1584.94,0
1585.14,0
1585.34,0
1585.54,0
1585.74,0
1585.94,0
1586.14,0
1586.34,0
1586.54,0
1586.74,0
1586.94,0
1587.14,0
1587.34,0
1587.54,0
1587.74,0
1587.94,0
1588.14,0
1588.34,0
1588.54,0
1588.74,0
1588.94,0
1589.14,0
1589.34,0
1589.54,0
1589.74,0
1589.94,0
1590.14,0
1590.34,0
1590.54,0
1590.74,0
1590.94,0
1591.14,0
1591.34,0
1591.54,0
1591.74,0
1591.94,0
1592.14,0
1592.34,0
1592.54,0
1592.74,3.98964
1592.94,0
1593.14,0
1593.34,0
1593.54,0
1593.74,0
1593.94,0
1594.14,0
1594.34,0
1594.54,0
1594.74,0
1594.94,0
1595.14,0
1595.34,0
1595.54,0
1595.74,0
1595.94,0
1596.14,0
1596.34,0
1596.54,0
1596.74,0
1596.94,0
1597.14,0
1597.35,0
1597.55,0
1597.75,0
1597.95,0
1598.15,0
1598.35,0
1598.55,0
1598.75,0
1598.95,0
1599.15,0
1599.35,0
1599.55,0
1599.75,0
1599.95,0
1600.15,0
1600.35,0
1600.55,0
1600.75,0
1600.95,0
1601.15,0
1601.35,0
1601.55,0
1601.75,0
1601.95,0
1602.15,0
1602.35,0
1602.55,0
1602.75,0
1602.95,0
1603.15,0
1603.35,0
1603.55,0
1603.75,0
1603.95,0
1604.15,0
1604.35,0
1604.55,0
1604.75,0
1604.95,0
1605.15,0
1605.35,0
1605.55,0
1605.75,0
1605.95,0
1606.15,0
1606.35,0
1606.55,0
1606.75,0
1606.95,0
1607.15,0
1607.35,0
1607.55,0
1607.75,0
1607.95,0
1608.15,0
1608.35,0
1608.55,0
1608.75,0
1608.95,0
1609.15,0
1609.35,0
1609.55,0
1609.75,0
1609.95,0
1610.15,0
1610.35,0
1610.55,0
1610.75,0
1610.95,0
1611.15,0
1611.35,0
1611.55,0
1611.75,0
1611.95,0
1612.15,0
1612.35,0
1612.55,0
1612.75,0
1612.95,0
1613.15,0
1613.35,0
1613.55,0
1613.75,0
1613.95,0
1614.15,0
1614.35,0
1614.55,0
1614.75,0
1614.95,0
1615.15,0
1615.35,0
1615.55,0
1615.75,0
1615.95,0
1616.15,0
1616.35,0
1616.55,0
1616.75,0
1616.95,0
1617.15,0
1617.35,0
1617.55,0
1617.75,0
1617.95,0
1618.15,0
1618.35,0
1618.55,0
1618.75,0
1618.95,0
1619.15,0
1619.35,0
1619.55,0
1619.75,0
1619.95,0
1620.15,0
1620.35,0
1620.55,0
1620.75,0
1620.95,0
1621.15,0
1621.35,0
1621.55,0
1621.75,0
1621.95,0
1622.15,0
1622.35,0
1622.55,0
1622.75,0
1622.95,0
1623.15,0
1623.35,0
1623.55,0
1623.75,0
1623.95,0
1624.15,5.48519
1624.35,0
1624.55,0
1624.75,0
1624.95,0
1625.15,0
1625.35,0
1625.55,0
1625.75,0
1625.95,0
1626.15,0
1626.35,0
1626.55,0
1626.75,0
1626.95,0
1627.15,0
1627.35,0
1627.55,0
1627.75,0
1627.95,0
1628.15,0
1628.35,0
1628.55,0
1628.75,0
1628.95,0
1629.15,0
1629.35,0
1629.55,0
1629.75,0
1629.95,0
1630.15,0
1630.35,0
1630.55,0
1630.75,0
1630.95,0
1631.15,0
1631.35,0
1631.55,0
1631.75,0
1631.95,0
1632.15,0
1632.35,0
1632.55,0
1632.75,0
1632.95,0
1633.15,0
1633.35,0
1633.55,0
1633.75,0
1633.95,0
1634.15,0
1634.35,0
1634.55,0
1634.75,0
1634.95,0
1635.15,0
1635.35,0
1635.55,0
1635.75,0
1635.95,0
1636.15,0
1636.35,0
1636.55,0
1636.75,0
1636.95,0
1637.15,0
1637.35,0
1637.55,0
1637.76,0
1637.96,0
1638.16,0
1638.36,0
1638.56,0
1638.76,0
1638.96,0
1639.16,0
1639.36,0
1639.56,0
1639.76,0
1639.96,0
1640.16,0
1640.36,0
1640.56,0
1640.76,0
1640.96,0
1641.16,0
1641.36,0
1641.56,0
1641.76,0
1641.96,0
1642.16,0
1642.36,0
1642.56,0
1642.76,0
1642.96,0
1643.16,0
1643.36,0
1643.56,0
1643.76,0
1643.96,0
1644.16,0
1644.36,8.7665
1644.56,0
1644.76,0
1644.96,0
1645.16,0
1645.36,0
1645.56,0
1645.76,0
1645.96,0
1646.16,0
1646.36,0
1646.56,0
1646.76,0
1646.96,0
1647.16,0
1647.36,0
1647.56,0
1647.76,0
1647.96,0
1648.16,0
1648.36,0
1648.56,0
1648.76,0
1648.96,0
1649.16,0
1649.36,0
1649.56,0
1649.76,0
1649.96,0
1650.16,0
1650.36,0
1650.56,0
1650.76,0
1650.96,0
1651.16,0
1651.36,0
1651.56,0
1651.76,0
1651.96,0
1652.16,0
1652.36,0
1652.56,0
1652.76,0
1652.96,0
1653.16,0
1653.36,0
1653.56,0
1653.76,0
1653.96,0
1654.16,0
1654.36,0
1654.56,0
1654.76,0
1654.96,0
1655.16,0
1655.36,0
1655.56,0
1655.76,0
1655.96,0
1656.16,0
1656.36,0
1656.56,0
1656.76,0
1656.96,0
1657.16,0
1657.36,0
1657.56,0
1657.76,0
1657.96,0
1658.16,0
1658.36,0
1658.56,0
1658.76,0
1658.96,0
1659.16,0
1659.36,0
1659.56,0
1659.76,0
1659.96,0
1660.16,0
1660.36,0
1660.56,0
1660.76,0
1660.96,0
1661.16,0
1661.36,0
1661.56,0
1661.76,0
1661.96,0
1662.16,0
1662.36,0
1662.56,0
1662.76,0
1662.96,0
1663.16,0
1663.36,0
1663.56,0
1663.76,0
1663.96,0
1664.16,0
1664.36,0
1664.56,0
1664.76,0
1664.96,0
1665.16,0
1665.36,0
1665.56,0
1665.76,0
1665.96,0
1666.16,0
1666.36,0
1666.56,0
1666.76,0
1666.96,0
1667.16,0
1667.36,0
1667.56,0
1667.76,0
1667.96,0
1668.16,0
1668.36,0
1668.56,0
1668.76,0
1668.96,0
1669.16,0
1669.36,0
1669.56,0
1669.76,0
1669.96,0
1670.16,0
1670.36,0
1670.56,0
1670.76,0
1670.96,0
1671.16,0
1671.36,0
1671.56,0
1671.76,0
1671.96,0
1672.16,0
1672.36,0
1672.56,0
1672.76,0
1672.96,0
1673.16,0
1673.36,0
1673.56,0
1673.76,0
1673.96,0
1674.16,0
1674.36,0
1674.56,0
1674.76,0
1674.96,0
1675.16,0
1675.36,0
1675.56,0
1675.76,0
1675.96,0
1676.16,0
1676.36,0
1676.56,0
1676.76,0
1676.96,0
1677.16,0
1677.36,0
1677.56,0
1677.76,0
1677.96,0
1678.17,0
1678.37,0
1678.57,0
1678.77,0
1678.97,0
1679.17,0
1679.37,0
1679.57,0
1679.77,0
1679.97,0
1680.17,0
1680.37,0
1680.57,0
1680.77,0
1680.97,0
1681.17,0
1681.37,0
1681.57,0
1681.77,0
1681.97,0
1682.17,0
1682.37,0
1682.57,0
1682.77,0
1682.97,0
1683.17,0
1683.37,0
1683.57,0
1683.77,0
1683.97,0
1684.17,0
1684.37,0
1684.57,0
1684.77,0
1684.97,0
1685.17,0
1685.37,0
1685.57,0
1685.77,7.0035
1685.97,0
1686.17,0
1686.37,0
1686.57,0
1686.77,0
1686.97,0
1687.17,0
1687.37,0
1687.57,0
1687.77,0
1687.97,6.23204
1688.17,0
1688.37,0
1688.57,0
1688.77,0
1688.97,0
1689.17,0
1689.37,0
1689.57,0
1689.77,0
1689.97,0
1690.17,0
1690.37,0
1690.57,0
1690.77,0
1690.97,0
1691.17,0
1691.37,0
1691.57,0
1691.77,0
1691.97,0
1692.17,0
1692.37,0
1692.57,0
1692.77,0
1692.97,0
1693.17,0
1693.37,0
1693.57,0
1693.77,0
1693.97,0
1694.17,0
1694.37,0
1694.57,0
1694.77,0
1694.97,0
1695.17,0
1695.37,0
1695.57,0
1695.77,0
1695.97,0
1696.17,0
1696.37,0
1696.57,0
1696.77,0
1696.97,0
1697.17,0
1697.37,0
1697.57,0
1697.77,0
1697.97,6.18845
1698.17,0
1698.37,0
1698.57,0
1698.77,0
1698.97,0
1699.17,0
1699.37,0
1699.57,0
1699.77,0
1699.97,0
1700.17,0
1700.37,0
1700.57,0
1700.77,0
1700.97,0
1701.17,0
1701.37,0
1701.57,0
1701.77,0
1701.97,0
1702.17,0
1702.37,0
1702.57,0
1702.77,0
1702.97,0
1703.17,0
1703.37,0
1703.57,0
1703.77,0
1703.97,0
1704.17,0
1704.37,0
1704.57,0
1704.77,0
1704.97,0
1705.17,0
1705.37,0
1705.57,0
1705.77,0
1705.97,0
1706.17,0
1706.37,0
1706.57,0
1706.77,0
1706.97,0
1707.17,0
1707.37,0
1707.57,0
1707.77,0
1707.97,0
1708.17,0
1708.37,0
1708.57,0
1708.77,0
1708.97,0
1709.17,0
1709.37,0
1709.57,0
1709.77,0
1709.97,0
1710.17,0
1710.37,0
1710.57,0
1710.77,0
1710.97,0
1711.17,0
1711.37,0
1711.57,0
1711.77,0
1711.97,0
1712.17,0
1712.37,0
1712.57,0
1712.77,0
1712.97,0
1713.17,0
1713.37,0
1713.57,0
1713.77,0
1713.97,0
1714.17,0
1714.37,0
1714.57,0
1714.77,0
1714.97,0
1715.17,0
1715.37,0
1715.57,0
1715.77,0
1715.97,0
1716.17,0
1716.37,0
1716.57,0
1716.77,0
1716.97,0
1717.17,0
1717.37,0
1717.57,0
1717.77,0
1717.97,0
1718.17,0
1718.37,0
1718.58,0
1718.78,0
1718.98,0
1719.18,0
1719.38,0
1719.58,0
1719.78,0
1719.98,0
1720.18,0
1720.38,0
1720.58,0
1720.78,0
1720.98,0
1721.18,0
1721.38,0
1721.58,0
1721.78,0
1721.98,0
1722.18,0
1722.38,0
1722.58,0
1722.78,0
1722.98,0
1723.18,0
1723.38,0
1723.58,0
1723.78,0
1723.98,0
1724.18,0
1724.38,0
1724.58,0
1724.78,0
1724.98,0
1725.18,0
1725.38,0
1725.58,0
1725.78,0
1725.98,0
1726.18,0
1726.38,0
1726.58,0
1726.78,0
1726.98,0
1727.18,0
1727.38,0
1727.58,0
1727.78,0
1727.98,0
1728.18,0
1728.38,0
1728.58,0
1728.78,0
1728.98,0
1729.18,0
1729.38,0
1729.58,0
1729.78,0
1729.98,0
1730.18,0
1730.38,0
1730.58,0
1730.78,0
1730.98,0
1731.18,0
1731.38,0
1731.58,0
1731.78,0
1731.98,0
1732.18,0
1732.38,0
1732.58,0
1732.78,0
1732.98,0
1733.18,0
1733.38,0
1733.58,0
1733.78,0
1733.98,0
1734.18,0
1734.38,0
1734.58,0
1734.78,0
1734.98,0
1735.18,0
1735.38,0
1735.58,0
1735.78,0
1735.98,0
1736.18,0
1736.38,0
1736.58,0
1736.78,0
1736.98,0
1737.18,0
1737.38,0
1737.58,0
1737.78,0
1737.98,0
1738.18,0
1738.38,0
1738.58,0
1738.78,0
1738.98,0
1739.18,0
1739.38,0
1739.58,0
1739.78,0
1739.98,0
1740.18,0
1740.38,0
1740.58,0
1740.78,0
1740.98,0
1741.18,0
1741.38,0
1741.58,0
1741.78,0
1741.98,0
1742.18,0
1742.38,0
1742.58,0
1742.78,0
1742.98,0
1743.18,0
1743.38,0
1743.58,0
1743.78,0
1743.98,0
1744.18,0
1744.38,0
1744.58,0
1744.78,0
1744.98,0
1745.18,0
1745.38,0
1745.58,0
1745.78,0
1745.98,0
1746.18,0
1746.38,0
1746.58,0
1746.78,0
1746.98,0
1747.18,0
1747.38,0
1747.58,0
1747.78,0
1747.98,0
1748.18,0
1748.38,0
1748.58,0
1748.78,0
1748.98,0
1749.18,0
1749.38,0
1749.58,0
1749.78,0
1749.98,0
1750.18,0
1750.38,0
1750.58,0
1750.78,0
1750.98,0
1751.18,0
1751.38,0
1751.58,0
1751.78,0
1751.98,0
1752.18,0
1752.38,0
1752.58,0
1752.78,0
1752.98,0
1753.18,0
1753.38,0
1753.58,0
1753.78,0
1753.98,0
1754.18,0
1754.38,0
1754.58,0
1754.78,0
1754.98,0
1755.18,0
1755.38,0
1755.58,0
1755.78,0
1755.98,0
1756.18,0
1756.38,0
1756.58,0
1756.78,0
1756.98,0
1757.18,0
1757.38,0
1757.58,0
1757.78,0
1757.98,0
1758.18,0
1758.38,0
1758.58,0
1758.78,0
1758.99,0
1759.19,0
1759.39,0
1759.59,0
1759.79,0
1759.99,0
1760.19,0
1760.39,0
1760.59,0
1760.79,0
1760.99,0
1761.19,0
1761.39,0
1761.59,0
1761.79,0
1761.99,0
1762.19,0
1762.39,0
1762.59,0
1762.79,0
1762.99,0
1763.19,0
1763.39,0
1763.59,0
1763.79,0
1763.99,0
1764.19,0
1764.39,0
1764.59,0
1764.79,0
1764.99,0
1765.19,0
1765.39,0
1765.59,0
1765.79,0
1765.99,0
1766.19,0
1766.39,0
1766.59,0
1766.79,0
1766.99,0
1767.19,0
1767.39,0
1767.59,0
1767.79,0
1767.99,0
1768.19,0
1768.39,0
1768.59,0
1768.79,0
1768.99,0
1769.19,0
1769.39,0
1769.59,0
1769.79,0
1769.99,0
1770.19,0
1770.39,0
1770.59,0
1770.79,0
1770.99,0
1771.19,0
1771.39,0
1771.59,0
1771.79,0
1771.99,0
1772.19,0
1772.39,0
1772.59,0
1772.79,0
1772.99,0
1773.19,0
1773.39,0
1773.59,0
1773.79,0
1773.99,0
1774.19,0
1774.39,0
1774.59,0
1774.79,0
1774.99,0
1775.19,0
1775.39,0
1775.59,0
1775.79,0
1775.99,0
1776.19,0
1776.39,0
1776.59,0
1776.79,0
1776.99,0
1777.19,0
1777.39,0
1777.59,0
1777.79,0
1777.99,0
1778.19,0
1778.39,0
1778.59,0
1778.79,0
1778.99,0
1779.19,0
1779.39,0
1779.59,0
1779.79,0
1779.99,0
1780.19,0
1780.39,0
1780.59,0
1780.79,0
1780.99,0
1781.19,0
1781.39,0
1781.59,0
1781.79,0
1781.99,0
1782.19,0
1782.39,0
1782.59,0
1782.79,0
1782.99,0
1783.19,0
1783.39,0
1783.59,0
1783.79,0
1783.99,0
1784.19,0
1784.39,0
1784.59,0
1784.79,0
1784.99,0
1785.19,0
1785.39,0
1785.59,0
1785.79,0
1785.99,0
1786.19,0
1786.39,0
1786.59,0
1786.79,0
1786.99,0
1787.19,0
1787.39,0
1787.59,0
1787.79,0
1787.99,0
1788.19,0
1788.39,0
1788.59,0
1788.79,0
1788.99,0
1789.19,0
1789.39,0
1789.59,0
1789.79,0
1789.99,0
1790.19,0
1790.39,0
1790.59,0
1790.79,0
1790.99,0
1791.19,0
1791.39,0
1791.59,0
1791.79,0
1791.99,0
1792.19,0
1792.39,0
1792.59,8.26537
1792.79,0
1792.99,0
1793.19,0
1793.39,0
1793.59,0
1793.79,0
1793.99,0
1794.19,0
1794.39,0
1794.59,0
1794.79,0
1794.99,0
1795.19,0
1795.39,0
1795.59,0
1795.79,0
1795.99,0
1796.19,0
1796.39,0
1796.59,0
1796.79,0
1796.99,0
1797.19,0
1797.39,0
1797.59,0
1797.79,0
1797.99,0
1798.19,0
1798.39,0
1798.59,0
1798.79,0
1798.99,0
1799.19,0
1799.4,0
1799.6,0
1799.8,0
1800,0
1800.2,0
1800.4,0
1800.6,0
1800.8,0
1801,0
1801.2,0
1801.4,0
1801.6,0
1801.8,0
1802,0
1802.2,0
