   1.5687879e+02   1.5224242e+02
   1.3915385e+02   1.4283333e+02
   1.7586957e+02   1.2403261e+02
   1.0197183e+02   1.4284507e+02
   1.2266667e+02   1.5819792e+02
   1.4019048e+02   1.3476190e+02
   1.4191549e+02   7.9267606e+01
   1.7116418e+02   9.4805970e+01
   1.6683951e+02   1.3802469e+02
   8.6119565e+01   1.2478261e+02
   1.6421667e+02   1.5413333e+02
   1.1992105e+02   1.1147368e+02
   1.0930233e+02   1.2219767e+02
   1.1278022e+02   1.5312088e+02
   1.2850000e+02   1.1750000e+02
   1.3615625e+02   1.1579688e+02
   1.5960811e+02   1.0293243e+02
   1.6552564e+02   8.4769231e+01
   1.1091026e+02   1.4297436e+02
   1.4636782e+02   1.5121839e+02
   9.0683761e+01   7.8393162e+01
   1.5605063e+02   1.1203797e+02
   1.0406667e+02   1.2843333e+02
   1.7683333e+02   9.6803030e+01
   8.3345455e+01   1.6334545e+02
   1.5305000e+02   7.1250000e+00
   9.3595506e+01   1.4695506e+02
   1.4801961e+02   8.2058824e+01
   1.0560825e+02   8.3340206e+01
   1.3442857e+02   1.0792857e+02
   1.5691489e+02   1.4317021e+02
   1.1750769e+02   1.2107692e+02
   9.3977273e+01   1.1104545e+02
   2.0887805e+02   9.0138211e+01
   1.5190000e+02   9.9842857e+01
   9.9812500e+01   1.3460000e+02
   1.5017476e+02   1.7889320e+02
   1.2160000e+02   1.3401667e+02
   1.4817742e+02   1.2764516e+02
   1.2366906e+02   1.9978417e+01
   6.6590361e+01   4.5337349e+01
   5.7573913e+01   1.5553913e+02
   1.4328571e+02   5.5259740e+01
   1.4083333e+02   1.1118519e+02
   9.9912621e+01   6.3611650e+01
   1.2383929e+02   1.2116071e+02
   1.6634211e+02   1.6342105e+02
   1.3517143e+02   2.8923810e+01
   1.1551786e+02   1.3707143e+02
   1.1662857e+02   5.3914286e+01
   7.2632000e+01   1.4269600e+02
   1.0366667e+02   9.7562500e+01
   1.6949533e+02   1.4788785e+02
   8.0000000e+01   1.3555556e+02
   1.6000000e+01   1.3675000e+02
   1.1908046e+02   2.9149425e+01
   9.1031579e+01   1.3782105e+02
   1.6467143e+02   5.4871429e+01
   1.2732051e+02   1.0373077e+02
   1.4561765e+02   1.4311765e+02
   1.3824000e+02   6.8893333e+01
   1.0966981e+02   5.4990566e+01
   1.7988136e+02   1.1369492e+02
   1.6989247e+02   3.0032258e+01
   1.8964407e+02   1.5148305e+02
   1.4841333e+02   7.6373333e+01
   1.8694340e+02   1.0010377e+02
   1.1765254e+02   1.8781356e+02
   1.0740351e+02   1.6335965e+02
   8.9322581e+01   3.9193548e+01
   7.9910714e+01   6.7116071e+01
   1.2994565e+02   1.4980435e+02
   1.7183721e+02   1.7465116e+01
   6.9500000e+01   1.0324167e+02
   1.7415556e+02   7.7377778e+01
   5.9198582e+01   1.3141135e+02
   1.5890426e+02   1.3518085e+02
   5.1854015e+01   1.0557664e+02
   1.7099020e+02   1.0383333e+02
   1.0437234e+02   1.5134043e+02
   1.2151190e+02   1.4372619e+02
   1.6263504e+02   1.9721898e+02
   8.1405405e+01   8.1702703e+01
   1.0901639e+02   1.3565574e+02
   5.5790000e+01   4.3890000e+01
   1.3204545e+02   9.8090909e+00
   1.0341304e+02   1.0627174e+02
   1.0424779e+02   7.4008850e+01
   1.3563014e+02   5.2534247e+01
   1.4081443e+02   7.2371134e+00
   7.7611111e+01   1.2441667e+02
   1.5412195e+02   1.7378049e+01
   1.7796330e+02   1.4697248e+02
   4.3580838e+01   1.4689222e+02
   4.5018182e+01   2.4896970e+02
   7.7375000e+01   1.9384821e+02
   1.3182609e+02   1.3079710e+02
   1.4829268e+02   1.1452439e+02
   1.3941935e+02   1.2701613e+02
   5.3395683e+01   5.7064748e+01
   1.2941748e+02   1.6708738e+02
   4.0575581e+01   8.9209302e+01
   2.3740476e+02   3.9166667e+00
   1.1305814e+02   1.0163953e+02
   9.5405941e+01   1.6674257e+02
   1.0214286e+02   5.5357143e+01
   1.1685714e+02   1.2802857e+02
   1.6988608e+02   1.1989873e+02
   1.2850476e+02   5.0200000e+01
   1.4031683e+02   1.5807921e+02
   1.5776923e+02   2.5285714e+01
   1.3040476e+02   1.3989286e+02
   1.5347788e+02   3.5716814e+01
   1.5589552e+02   7.7477612e+01
   1.7140741e+02   5.4234568e+01
   4.5650000e+01   2.6064286e+02
   9.2565657e+01   1.1949495e+02
   2.1685039e+01   1.0720472e+02
   1.0791667e+02   4.3145833e+01
   4.7995000e+01   2.2226000e+02
   1.9509259e+02   2.4730556e+02
   4.2659574e+00   1.2385106e+02
   8.6693878e+01   4.7316327e+01
   9.3485714e+01   1.9466667e+02
   1.2578947e+02   1.3110526e+02
   1.1297273e+02   2.1409091e+01
   9.5765306e+01   9.0265306e+01
   1.1371094e+02   4.5937500e+00
   1.5625000e+02   8.5921875e+01
   1.6282278e+02   3.2658228e+01
   5.9090909e+01   3.4136364e+01
   1.1481818e+02   1.7905455e+02
   1.3308163e+02   9.2663265e+01
   6.1972477e+01   7.3844037e+01
   3.4731343e+01   7.8201493e+01
   5.2410448e+01   1.4143284e+02
   1.5963063e+02   1.8114414e+02
   6.6247934e+01   5.5710744e+01
   7.7596899e+00   1.8146512e+02
   1.1040909e+02   1.1320455e+02
   1.8870370e+02   1.1783333e+02
   1.0521176e+02   3.4752941e+01
   1.3806250e+02   1.9401786e+01
   2.1280741e+02   6.5874074e+01
   1.2048000e+02   1.6815000e+02
   1.3752857e+02   1.0294286e+02
   1.0116216e+02   1.1587838e+02
   1.5773134e+02   7.0805970e+01
   1.2280435e+02   5.5489130e+01
   1.5456061e+02   1.2825758e+02
   9.7194690e+01   1.5844248e+02
   1.5627451e+02   1.2110784e+02
   8.4894118e+01   2.3664118e+02
   7.1146667e+01   1.8326000e+02
   3.6436782e+00   1.3802299e+02
   4.9926230e+01   6.9549180e+01
   1.3410000e+02   2.3400000e+00
   1.1357018e+02   9.1438596e+01
   5.6142857e+01   1.7952597e+02
   1.3283333e+02   1.2348485e+02
   1.2722340e+02   4.0106383e+01
   9.6047170e+01   1.7637736e+02
   1.2862069e+01   1.5862931e+02
   9.1630435e+00   1.7264130e+02
   2.0863636e+01   6.6009091e+01
   7.2058333e+01   2.1376667e+02
   1.4760227e+02   2.1636364e+01
   1.1833333e+02   8.4414141e+01
   5.2692857e+01   9.3814286e+01
   1.9165421e+02   1.2824299e+02
   8.5182432e+01   2.3709459e+01
   3.0281081e+01   1.1155676e+02
   1.9184211e+01   1.7559649e+02
   1.5336066e+01   1.1620492e+02
   8.8656250e+01   1.5402083e+02
   4.7257895e+01   2.0035789e+02
   1.3047475e+02   7.0888889e+01
   5.7750000e+01   2.5502586e+02
   1.7537589e+02   9.9645390e+00
   4.6177419e+01   1.5886290e+02
   1.7352941e+02   6.6218487e+01
   1.6544615e+02   7.7953846e+01
   8.3194030e+01   1.7739552e+02
   3.3326733e+01   5.1564356e+01
   8.0379085e+01   9.8588235e+01
   8.7888889e+01   1.8576296e+02
   1.2444554e+02   9.0821782e+01
   1.6191892e+02   1.1447297e+02
   9.6292553e+01   2.2952660e+02
   6.7918519e+01   6.5422222e+01
   1.2025581e+02   4.2147287e+01
   1.1926471e+02   6.5823529e+01
   6.7924528e+01   3.2962264e+01
   1.4306306e+02   3.9252252e+01
   1.9711034e+02   9.8172414e+01
   8.0035398e+01   5.5345133e+01
   6.7741667e+01   1.2075000e+02
   4.4576642e+01   4.5766423e+01
   8.4719626e+01   1.9867290e+02
   2.0281553e+01   1.6791262e+02
   3.1356164e+01   6.0869863e+01
   1.0969524e+02   6.6219048e+01
   1.3932432e+02   6.2581081e+01
   2.0151634e+02   1.2392810e+02
   1.7875207e+02   1.6223140e+02
   6.0051546e+01   1.0195876e+02
   2.0330719e+02   2.5908497e+01
   1.0006349e+02   1.8880952e+02
   1.4401124e+02   9.7719101e+01
   1.4902542e+02   1.9005932e+02
   1.4436047e+02   2.8895349e+01
   1.8420000e+02   4.6846154e+00
   1.4004032e+02   1.8294355e+02
   3.3303483e+01   1.7758209e+02
   5.6475000e+01   2.6585000e+02
   7.4295302e+01   2.0321477e+02
   1.1056522e+02   1.2995652e+02
   8.5000000e+01   7.2237762e+00
   1.0990811e+02   2.1928649e+02
   1.6189744e+02   1.3222222e+01
   1.4797872e+02   6.5063830e+01
   1.3100000e+02   1.5773256e+02
   9.0636364e+01   9.5713287e+01
   1.2393651e+02   1.7862698e+02
   8.8495868e+01   6.5380165e+01
   6.3497041e+01   2.0583432e+02
   2.0395082e+02   3.7942623e+01
   1.3247727e+02   6.0125000e+01
   1.9708966e+02   6.4489655e+01
   4.6606299e+01   2.6685039e+01
   2.5647436e+01   1.2601923e+02
   7.0201220e+01   2.5127439e+02
   6.9280576e+01   8.1223022e+01
   4.9875000e+01   2.3603472e+02
   2.6493750e+01   1.4918125e+02
   7.6203390e+01   3.5966102e+01
   6.6347826e+00   1.6618261e+02
   4.2994186e+01   1.1968605e+02
   2.3792453e+01   1.3410377e+02
   6.6383085e+01   2.3752736e+02
   7.9865079e+01   2.6373810e+02
   5.9000000e+01   2.4379032e+02
   1.8993600e+02   3.7560000e+01
   3.5048780e+01   1.9598171e+02
   7.1095588e+01   1.6031618e+02
   4.4590909e+01   6.2254545e+01
   1.5324806e+02   1.6370543e+02
   1.7639655e+02   1.3912931e+02
   1.7495000e+02   8.7840000e+01
   8.1177083e+01   2.2206250e+02
   1.1944737e+02   1.5013158e+02
   1.1966964e+02   7.5544643e+01
   7.1259843e+01   1.5031496e+01
   9.1700935e+01   5.3336449e+01
   6.9340206e+01   2.6440206e+02
   1.4840000e+02   2.2000000e+00
   1.5806000e+02   6.3080000e+01
   8.2361111e+01   1.0880556e+02
   1.4746316e+02   1.0667368e+02
   1.4820238e+02   1.3596429e+02
   1.3223729e+02   8.2635593e+01
   6.6814570e+01   9.1470199e+01
   2.0256831e+01   2.2968306e+02
   1.6175728e+02   9.3699029e+01
   1.3674667e+02   1.9227333e+02
   1.2264103e+02   2.5010256e+02
   2.1640933e+02   1.5896373e+01
   2.1819324e+02   3.4434783e+01
   8.8969231e+01   2.0690769e+02
   1.4286364e+02   1.6720909e+02
   1.5904348e+01   1.4835652e+02
   1.6476842e+02   3.5473684e+00
   9.5689189e+01   1.2270270e+01
   7.8393617e+01   1.5096809e+02
   3.4246753e+01   2.6622078e+02
   6.3448598e+01   2.0757009e+01
   1.3540000e+02   4.1823077e+01
   1.8691333e+02   8.0273333e+01
   1.6467416e+02   6.7314607e+01
   1.4874286e+02   1.3328571e+01
   1.6832990e+02   1.1163918e+02
   1.1057047e+02   2.0591275e+02
   7.1503401e+01   1.6986395e+02
   3.4458333e+01   2.1190278e+02
   2.0486486e+01   2.4391216e+02
   1.1976190e+02   9.9726190e+01
   3.7465000e+01   1.6285500e+02
   5.7546961e+01   1.6768508e+02
   1.6783333e+02   1.8934028e+02
   7.5776923e+01   1.1338462e+02
   1.8773529e+02   1.4071324e+02
   1.8888824e+02   2.4217647e+01
   6.0923497e+01   1.9304372e+02
   1.0137288e+02   1.2255932e+02
   1.0558647e+02   1.7618797e+02
   9.9302905e+01   2.4431950e+02
   1.1308929e+02   3.5160714e+01
   6.4081481e+01   1.4564444e+02
   3.2285714e+00   1.5160000e+02
   1.1183495e+02   2.3135922e+02
   1.4217333e+02   1.2014667e+02
   9.8811024e+01   2.0702362e+02
   9.1702703e+01   1.3137838e+02
   7.3693069e+01   5.0584158e+01
   6.4802632e+01   2.2202632e+02
   2.1565217e+02   1.0564596e+02
   1.4434599e+02   2.5744304e+02
   1.4111111e+02   8.9744444e+01
   1.6213235e+02   1.7300000e+02
   1.7863462e+02   3.5951923e+01
   1.8983929e+02   1.0878571e+02
   9.5386667e+01   2.1601333e+02
   1.6252381e+02   4.1714286e+01
   8.2173333e+01   2.5000000e+02
   1.6058824e+02   8.5147059e+01
   1.0089320e+02   4.7058252e+01
   1.1615029e+02   2.6378035e+02
   5.2006667e+01   8.1580000e+01
   1.6319149e+02   4.9659574e+01
   1.4242553e+01   2.1434468e+02
   1.9439521e+02   1.5017964e+01
   9.9738318e+01   4.4579439e+00
   1.6884848e+02   1.2694949e+02
   1.3924775e+02   2.3986937e+02
   8.4329268e+01   1.4550000e+02
   6.7459184e+01   5.7244898e+00
   9.6449198e+01   2.6336364e+02
   1.5832308e+02   5.5492308e+01
   2.1034286e+02   1.3565143e+02
   1.2710526e+02   1.1031579e+02
   1.2977103e+02   2.1181308e+02
   1.8335204e+02   4.9739796e+01
   9.5869318e+01   2.5034091e+01
   1.5108403e+02   9.0655462e+01
   1.2918410e+02   2.2548954e+02
   1.9823529e+01   2.5475294e+02
   1.5423377e+02   4.6597403e+01
   1.7108772e+02   4.0192982e+01
   1.3425688e+02   1.7466055e+02
   1.9977698e+02   4.6474820e+00
   1.8637805e+02   1.7245732e+02
   1.5169880e+02   5.6108434e+01
   1.8039189e+02   1.0463514e+02
   2.1789916e+02   3.4369748e+00
   1.9758500e+02   5.0130000e+01
   1.6840179e+02   2.4812946e+02
   1.7940299e+02   2.4656716e+01
   1.3033333e+02   1.8502941e+02
   5.1333333e+01   3.5425926e+01
   1.7613924e+02   1.7948523e+02
   1.5071429e+02   2.3164000e+02
   1.8676316e+02   6.6000000e+01
   1.6540000e+02   2.1830769e+01
   2.1036842e+02   5.3236842e+01
   2.0701567e+02   2.1407210e+02
   1.3354913e+02   2.6381503e+02
